# Phonopy generated file for v_sim 3.6
    5.755510315    0.000000000    5.755510315
    0.000000000    0.000000000    5.755510315
    0.000000000    0.000000000    0.000000000 Ga
    0.000000000    2.877755158    2.877755158 Ga
    2.877755158    0.000000000    2.877755158 Ga
    2.877755158    2.877755158    0.000000000 Ga
    1.438877579    1.438877579    1.438877579 As
    4.316632737    4.316632737    1.438877579 As
    4.316632737    1.438877579    4.316632737 As
    1.438877579    4.316632737    4.316632737 As
#metaData: qpt=[0.500000;0.500000;0.000000;2.067288 \
#; 0.034478; 0.026696; -0.000000; 0.000000; 0.004732; -0.000000 \
#; 0.034695; -0.000316; 0.000000; -0.013340; -0.022209; -0.000000 \
#; 0.000316; -0.034695; -0.000000; 0.022209; 0.013340; -0.000000 \
#; -0.026696; -0.034478; -0.000000; -0.004732; 0.000000; 0.000000 \
#; 0.018062; -0.013761; -0.000000; -0.023771; -0.031832; 0.000000 \
#; 0.013761; -0.018062; 0.000000; 0.031832; 0.023771; -0.000000 \
#; 0.019692; 0.012619; -0.000000; 0.013473; 0.017775; 0.000000 \
#; -0.012619; -0.019692; -0.000000; -0.017775; -0.013473; -0.000000 \
# ]
#metaData: qpt=[0.500000;0.500000;0.000000;2.067288 \
#; -0.028715; -0.027516; -0.000000; 0.000000; 0.003256; 0.000000 \
#; 0.018606; -0.005152; 0.000000; -0.010493; -0.041517; 0.000000 \
#; 0.005152; -0.018606; 0.000000; 0.041517; 0.010493; -0.000000 \
#; 0.027516; 0.028715; -0.000000; -0.003256; 0.000000; -0.000000 \
#; 0.012277; -0.009318; 0.000000; 0.039655; 0.011455; 0.000000 \
#; 0.009318; -0.012277; 0.000000; -0.011455; -0.039655; -0.000000 \
#; 0.023092; 0.024182; -0.000000; 0.004635; 0.007594; 0.000000 \
#; -0.024182; -0.023092; -0.000000; -0.007594; -0.004635; 0.000000 \
# ]
#metaData: qpt=[0.500000;0.500000;0.000000;2.067288 \
#; 0.010867; 0.008783; -0.000000; 0.000000; 0.015161; 0.000000 \
#; -0.042924; 0.021082; 0.000000; -0.007750; -0.032042; 0.000000 \
#; -0.021082; 0.042924; 0.000000; 0.032042; 0.007750; -0.000000 \
#; -0.008783; -0.010867; 0.000000; -0.015161; 0.000000; -0.000000 \
#; -0.022199; 0.035979; 0.000000; 0.002110; -0.019970; 0.000000 \
#; -0.035979; 0.022199; 0.000000; 0.019970; -0.002110; -0.000000 \
#; 0.019031; 0.017138; -0.000000; -0.016817; -0.003037; -0.000000 \
#; -0.017138; -0.019031; 0.000000; 0.003037; 0.016817; 0.000000 \
# ]
#metaData: qpt=[0.500000;0.500000;0.000000;2.067288 \
#; 0.040834; -0.044227; 0.000000; -0.000000; -0.005740; 0.000000 \
#; -0.004787; -0.008966; 0.000000; 0.005947; -0.001917; 0.000000 \
#; 0.008966; 0.004787; 0.000000; 0.001917; -0.005947; 0.000000 \
#; 0.044227; -0.040834; -0.000000; 0.005740; -0.000000; -0.000000 \
#; -0.000709; -0.004508; 0.000000; 0.005116; -0.002032; -0.000000 \
#; 0.004508; 0.000709; -0.000000; 0.002032; -0.005116; 0.000000 \
#; 0.036826; -0.040490; 0.000000; -0.003641; -0.008859; -0.000000 \
#; 0.040490; -0.036826; -0.000000; 0.008859; 0.003641; 0.000000 \
# ]
#metaData: qpt=[0.500000;0.500000;0.000000;2.853723 \
#; 0.033743; 0.000980; -0.010488; 0.000000; 0.000049; 0.000383 \
#; -0.000169; 0.000234; 0.000000; -0.004622; -0.004194; -0.076559 \
#; 0.000234; -0.000169; 0.000110; -0.004194; -0.004622; -0.002224 \
#; 0.000980; 0.033743; -0.009517; 0.000049; 0.000000; -0.000532 \
#; -0.000006; -0.000038; 0.000440; 0.013757; -0.007923; -0.033414 \
#; -0.000038; -0.000006; -0.000346; -0.007923; 0.013757; -0.034248 \
#; -0.011630; -0.011347; 0.023330; 0.000117; -0.000150; -0.000111 \
#; -0.011347; -0.011630; -0.040511; -0.000150; 0.000117; -0.000016 \
# ]
#metaData: qpt=[0.500000;0.500000;0.000000;2.853723 \
#; -0.006263; 0.005528; -0.054286; 0.000000; 0.002916; 0.008670 \
#; -0.003821; 0.003878; 0.000000; -0.023926; -0.022320; 0.014210 \
#; 0.003878; -0.003821; 0.006615; -0.022320; -0.023926; -0.012542 \
#; 0.005528; -0.006263; -0.050643; 0.002916; 0.000000; -0.008799 \
#; 0.000946; -0.000984; 0.010342; 0.011400; 0.019203; 0.002281 \
#; -0.000984; 0.000946; -0.004661; 0.019203; 0.011400; -0.000848 \
#; -0.000288; 0.000775; -0.056546; 0.001583; -0.003512; -0.002896 \
#; 0.000775; -0.000288; -0.033571; -0.003512; 0.001583; 0.002785 \
# ]
#metaData: qpt=[0.500000;0.500000;0.000000;2.853723 \
#; 0.000142; 0.022971; -0.015673; 0.000000; 0.018740; -0.004771 \
#; 0.002103; -0.007482; -0.000000; -0.006908; 0.013842; -0.000323 \
#; -0.007482; 0.002103; 0.042519; 0.013842; -0.006908; -0.052119 \
#; 0.022971; 0.000142; 0.031405; 0.018740; -0.000000; 0.016976 \
#; 0.007980; -0.004421; 0.008920; -0.009847; 0.005259; -0.002303 \
#; -0.004421; 0.007980; 0.027597; 0.005259; -0.009847; -0.042736 \
#; -0.014513; -0.000782; -0.015487; -0.009372; -0.003029; -0.013017 \
#; -0.000782; -0.014513; 0.028998; -0.003029; -0.009372; 0.023500 \
# ]
#metaData: qpt=[0.500000;0.500000;0.000000;2.853723 \
#; 0.000872; -0.001980; 0.018491; 0.000000; 0.015993; 0.048215 \
#; -0.021250; 0.020001; 0.000000; 0.008150; -0.000269; -0.001979 \
#; 0.020001; -0.021250; 0.036287; -0.000269; 0.008150; 0.004493 \
#; -0.001980; 0.000872; -0.000610; 0.015993; 0.000000; -0.045381 \
#; 0.005705; -0.004879; 0.055774; -0.001664; -0.003551; -0.007122 \
#; -0.004879; 0.005705; -0.024609; -0.003551; -0.001664; 0.009282 \
#; 0.003152; -0.002419; 0.010457; 0.008357; -0.018941; -0.014366 \
#; -0.002419; 0.003152; 0.004899; -0.018941; 0.008357; 0.016799 \
# ]
#metaData: qpt=[0.500000;0.500000;0.000000;4.551357 \
#; 0.000449; 0.007924; -0.020655; 0.000000; -0.019931; 0.023867 \
#; 0.026671; -0.022833; -0.000000; 0.023082; -0.014889; 0.000401 \
#; -0.022833; 0.026671; 0.017835; -0.014889; 0.023082; 0.007091 \
#; 0.007924; 0.000449; 0.013323; -0.019931; -0.000000; -0.020432 \
#; 0.012735; -0.008622; -0.025769; 0.008395; 0.000385; -0.017199 \
#; -0.008622; 0.012735; 0.010975; 0.000385; 0.008395; 0.010985 \
#; -0.015858; 0.024829; 0.000266; 0.015844; -0.037201; 0.005972 \
#; 0.024829; -0.015858; 0.005815; -0.037201; 0.015844; -0.008822 \
# ]
#metaData: qpt=[0.500000;0.500000;0.000000;4.551357 \
#; -0.007115; 0.009523; 0.003409; -0.000000; -0.026648; 0.012930 \
#; 0.014449; 0.036830; 0.000000; -0.003810; 0.004023; -0.006367 \
#; 0.036830; 0.014449; 0.023846; 0.004023; -0.003810; 0.008521 \
#; 0.009523; -0.007115; -0.003600; -0.026648; 0.000000; 0.032957 \
#; 0.041751; 0.013197; -0.001584; 0.009028; -0.008800; 0.002014 \
#; 0.013197; 0.041751; -0.018196; -0.008800; 0.009028; -0.003800 \
#; 0.005486; -0.002907; -0.006096; -0.026268; -0.002286; -0.009141 \
#; -0.002907; 0.005486; 0.006254; -0.002286; -0.026268; -0.028921 \
# ]
#metaData: qpt=[0.500000;0.500000;0.000000;4.551357 \
#; -0.017852; 0.008112; 0.006666; 0.000000; 0.032032; 0.024488 \
#; 0.027366; 0.007569; 0.000000; -0.007449; -0.013233; -0.015975 \
#; 0.007569; 0.027366; -0.028664; -0.013233; -0.007449; 0.007259 \
#; 0.008112; -0.017852; 0.011842; 0.032032; -0.000000; 0.006773 \
#; 0.001555; 0.035879; 0.004541; 0.002830; -0.024992; 0.001468 \
#; 0.035879; 0.001555; 0.019235; -0.024992; 0.002830; 0.005761 \
#; -0.008317; -0.002119; -0.017312; 0.027769; 0.006555; -0.024853 \
#; -0.002119; -0.008317; 0.001960; 0.006555; 0.027769; -0.001077 \
# ]
#metaData: qpt=[0.500000;0.500000;0.000000;4.551357 \
#; -0.045584; -0.004585; -0.003346; -0.000000; -0.008581; -0.011374 \
#; -0.012710; -0.008938; -0.000000; 0.003739; 0.004408; -0.040790 \
#; -0.008938; -0.012710; 0.007679; 0.004408; 0.003739; -0.004103 \
#; -0.004585; -0.045584; -0.003945; -0.008581; 0.000000; -0.007998 \
#; -0.007001; -0.016196; -0.001785; 0.026331; -0.017600; 0.018867 \
#; -0.016196; -0.007001; -0.004585; -0.017600; 0.026331; 0.018371 \
#; -0.026520; -0.027237; -0.012192; -0.006619; -0.002576; 0.011219 \
#; -0.027237; -0.026520; 0.018239; -0.002576; -0.006619; 0.004849 \
# ]
#metaData: qpt=[0.500000;0.500000;0.000000;6.707527 \
#; 0.056215; 0.001345; -0.000284; -0.000000; 0.001529; -0.005873 \
#; -0.017274; 0.000767; -0.000000; 0.000836; -0.000085; 0.019111 \
#; 0.000767; -0.017274; -0.000520; -0.000085; 0.000836; 0.000457 \
#; 0.001345; 0.056215; 0.000029; 0.001529; 0.000000; 0.000261 \
#; 0.005821; 0.004834; -0.010032; 0.017467; -0.017952; 0.029977 \
#; 0.004834; 0.005821; 0.008464; -0.017952; 0.017467; 0.029033 \
#; -0.018281; -0.018875; -0.028511; 0.005330; -0.006316; -0.007678 \
#; -0.018875; -0.018281; 0.027741; -0.006316; 0.005330; -0.009245 \
# ]
#metaData: qpt=[0.500000;0.500000;0.000000;6.707527 \
#; 0.017118; -0.007038; 0.000852; 0.000000; -0.002394; 0.018483 \
#; 0.054367; -0.010963; 0.000000; -0.002505; -0.005777; 0.005820 \
#; -0.010963; 0.054367; 0.000814; -0.005777; -0.002505; -0.002393 \
#; -0.007038; 0.017118; 0.001964; -0.002394; -0.000000; -0.003727 \
#; -0.014782; -0.013236; 0.034716; 0.010470; -0.005124; 0.006844 \
#; -0.013236; -0.014782; -0.032261; -0.005124; 0.010470; 0.003490 \
#; -0.002198; -0.004309; -0.008137; -0.020313; 0.021859; 0.021022 \
#; -0.004309; -0.002198; 0.016628; 0.021859; -0.020313; 0.023476 \
# ]
#metaData: qpt=[0.500000;0.500000;0.000000;6.707527 \
#; 0.003208; 0.011817; 0.000647; -0.000000; -0.025297; 0.003603 \
#; 0.010598; 0.038914; -0.000000; -0.001903; 0.032308; 0.001091 \
#; 0.038914; 0.010598; 0.008600; 0.032308; -0.001903; 0.004017 \
#; 0.011817; 0.003208; -0.010984; -0.025297; 0.000000; 0.013230 \
#; -0.024145; -0.007816; -0.001548; -0.012592; -0.007035; -0.009835 \
#; -0.007816; -0.024145; 0.027482; -0.007035; -0.012592; 0.025238 \
#; -0.015891; 0.006193; -0.011173; 0.017304; -0.000974; 0.012413 \
#; 0.006193; -0.015891; -0.019999; -0.000974; 0.017304; 0.038347 \
# ]
#metaData: qpt=[0.500000;0.500000;0.000000;6.707527 \
#; 0.000719; 0.009660; -0.000941; 0.000000; 0.050316; 0.003025 \
#; 0.008897; 0.027416; -0.000000; 0.002768; 0.000014; 0.000244 \
#; 0.027416; 0.008897; -0.017106; 0.000014; 0.002768; 0.003284 \
#; 0.009660; 0.000719; -0.000005; 0.050316; 0.000000; 0.009321 \
#; 0.004519; -0.027960; -0.035284; -0.003784; 0.001988; 0.006732 \
#; -0.027960; 0.004519; -0.016299; 0.001988; -0.003784; 0.003908 \
#; -0.002461; -0.004239; 0.003157; -0.010263; -0.022217; 0.044406 \
#; -0.004239; -0.002461; -0.006009; -0.022217; -0.010263; -0.007178 \
# ]
#metaData: qpt=[0.500000;0.500000;0.000000;7.264233 \
#; -0.057629; 0.005135; 0.000000; 0.000000; 0.000588; 0.000000 \
#; -0.000493; -0.001542; -0.000000; -0.004415; -0.001571; -0.000000 \
#; 0.001542; 0.000493; -0.000000; 0.001571; 0.004415; 0.000000 \
#; -0.005135; 0.057629; -0.000000; -0.000588; -0.000000; 0.000000 \
#; -0.000837; 0.000236; 0.000000; -0.025417; -0.028329; 0.000000 \
#; -0.000236; 0.000837; 0.000000; 0.028329; 0.025417; 0.000000 \
#; 0.029066; -0.035195; -0.000000; 0.001342; 0.000741; -0.000000 \
#; 0.035195; -0.029066; 0.000000; -0.000741; -0.001342; 0.000000 \
# ]
#metaData: qpt=[0.500000;0.500000;0.000000;7.264233 \
#; 0.003507; 0.013108; -0.000000; -0.000000; -0.007021; 0.000000 \
#; 0.024796; -0.027662; 0.000000; -0.033541; 0.025178; 0.000000 \
#; 0.027662; -0.024796; -0.000000; -0.025178; 0.033541; -0.000000 \
#; -0.013108; -0.003507; -0.000000; 0.007021; -0.000000; -0.000000 \
#; -0.023261; 0.030449; 0.000000; 0.038566; -0.021554; 0.000000 \
#; -0.030449; 0.023261; 0.000000; 0.021554; -0.038566; 0.000000 \
#; 0.000633; -0.009196; 0.000000; -0.002127; 0.005061; -0.000000 \
#; 0.009196; -0.000633; -0.000000; -0.005061; 0.002127; 0.000000 \
# ]
#metaData: qpt=[0.500000;0.500000;0.000000;7.264233 \
#; -0.001625; 0.009157; 0.000000; -0.000000; -0.033333; -0.000000 \
#; 0.031478; 0.032262; 0.000000; 0.010844; 0.005053; -0.000000 \
#; -0.032262; -0.031478; -0.000000; -0.005053; -0.010844; 0.000000 \
#; -0.009157; 0.001625; -0.000000; 0.033333; 0.000000; 0.000000 \
#; 0.017465; 0.016663; 0.000000; 0.000892; 0.006820; 0.000000 \
#; -0.016663; -0.017465; -0.000000; -0.006820; -0.000892; -0.000000 \
#; 0.013658; 0.002618; -0.000000; -0.049694; -0.015566; -0.000000 \
#; -0.002618; -0.013658; 0.000000; 0.015566; 0.049694; -0.000000 \
# ]
#metaData: qpt=[0.500000;0.500000;0.000000;7.264233 \
#; -0.006029; -0.043922; -0.000000; -0.000000; -0.000717; -0.000000 \
#; 0.010656; -0.010052; 0.000000; 0.019768; 0.028303; -0.000000 \
#; 0.010052; -0.010656; -0.000000; -0.028303; -0.019768; -0.000000 \
#; 0.043922; 0.006029; 0.000000; 0.000717; 0.000000; -0.000000 \
#; -0.010234; 0.010968; -0.000000; -0.021202; -0.029940; -0.000000 \
#; -0.010968; 0.010234; 0.000000; 0.029940; 0.021202; 0.000000 \
#; 0.005210; 0.044007; -0.000000; -0.000676; 0.000058; -0.000000 \
#; -0.044007; -0.005210; 0.000000; -0.000058; 0.000676; 0.000000 \
# ]
#metaData: qpt=[0.500000;0.500000;0.000000;7.694694 \
#; 0.000000; -0.002400; 0.001854; 0.000000; -0.001528; 0.012241 \
#; -0.001435; -0.004818; -0.000000; 0.000217; -0.006921; 0.000000 \
#; -0.004818; -0.001435; -0.013034; -0.006921; 0.000217; 0.020473 \
#; -0.002400; -0.000000; -0.059029; -0.001528; -0.000000; 0.041089 \
#; -0.011432; -0.018826; 0.016967; -0.022027; -0.010412; 0.016371 \
#; -0.018826; -0.011432; -0.006406; -0.010412; -0.022027; -0.032958 \
#; -0.023079; 0.011464; 0.014869; 0.004486; -0.011881; -0.026885 \
#; 0.011464; -0.023079; 0.031456; -0.011881; 0.004486; -0.016325 \
# ]
#metaData: qpt=[0.500000;0.500000;0.000000;7.694694 \
#; 0.009018; -0.000000; -0.000000; 0.000000; -0.000000; 0.000000 \
#; -0.000000; -0.000000; 0.000000; -0.000000; -0.000000; -0.076910 \
#; 0.000000; 0.000000; 0.000000; 0.000000; -0.000000; 0.000000 \
#; -0.000000; 0.009018; 0.000000; 0.000000; 0.000000; -0.000000 \
#; -0.000000; 0.000000; -0.000000; -0.021818; 0.021818; 0.031157 \
#; 0.000000; -0.000000; 0.000000; 0.021818; -0.021818; 0.031157 \
#; 0.021818; 0.021818; -0.031157; -0.000000; 0.000000; 0.000000 \
#; 0.021818; 0.021818; 0.031157; 0.000000; -0.000000; -0.000000 \
# ]
#metaData: qpt=[0.500000;0.500000;0.000000;7.694694 \
#; 0.000000; -0.004038; 0.024363; 0.000000; -0.005217; 0.038909 \
#; -0.004562; 0.001367; -0.000000; 0.002857; 0.002637; 0.000000 \
#; 0.001367; -0.004562; -0.044497; 0.002637; 0.002857; 0.034439 \
#; -0.004038; -0.000000; 0.022490; -0.005217; -0.000000; -0.011656 \
#; 0.004892; -0.020354; -0.002458; 0.003522; 0.023061; -0.013192 \
#; -0.020354; 0.004892; 0.038511; 0.023061; 0.003522; -0.014711 \
#; -0.010301; -0.009238; -0.032932; -0.026967; 0.001721; -0.029066 \
#; -0.009238; -0.010301; -0.005029; 0.001721; -0.026967; 0.006986 \
# ]
#metaData: qpt=[0.500000;0.500000;0.000000;7.694694 \
#; -0.000000; -0.005369; -0.060451; 0.000000; 0.000935; -0.000007 \
#; 0.000001; 0.000699; 0.000000; -0.007088; 0.000946; 0.000000 \
#; 0.000699; 0.000001; 0.007973; 0.000946; -0.007088; 0.045788 \
#; -0.005369; -0.000000; 0.008072; 0.000935; 0.000000; -0.005958 \
#; -0.000570; 0.003954; -0.005641; -0.027848; -0.001870; -0.046309 \
#; 0.003954; -0.000570; -0.000819; -0.001870; -0.027848; 0.009210 \
#; 0.006450; -0.032428; 0.002670; 0.000574; 0.003950; 0.005647 \
#; -0.032428; 0.006450; 0.039769; 0.003950; 0.000574; -0.000814 \
# ]
