96   
10   

1    
  0.0068093807806119   0.0000000000036279   0.0073234099560678
  -0.0378712600   -0.0000525400   -0.0438714400
   0.0044928400    0.0001972300   -0.0015217200
  -0.0025397700   -0.0002062700   -0.0014440100
   0.0025985600    0.0000584900   -0.0006681400
  -0.0011082700    0.0008425700    0.0027160200
   0.0008026500    0.0005634100    0.0013812400
  -0.0002980000   -0.0012221300    0.0023964400
   0.0006631300   -0.0003226600    0.0009319500
  -0.0034574100    0.0044595400    0.0025771500
   0.0022421000    0.0012692300   -0.0002986100
  -0.0036678100   -0.0045872600    0.0023790600
   0.0026754000   -0.0009679000    0.0001083800
  -0.0027114500    0.0002748000   -0.0017784300
   0.0062859600    0.0000681200    0.0065455400
  -0.0011932100   -0.0003722900   -0.0012590100
   0.0010271600   -0.0000183900    0.0007922800
  -0.0028146900    0.0003469200    0.0065070800
   0.0025406800   -0.0001209300    0.0033401300
  -0.0012028100   -0.0006334300    0.0033106100
   0.0012365600    0.0000323200    0.0012274300
   0.0046185400    0.0092995900   -0.0050926200
   0.0058341000   -0.0062859900   -0.0049240300
   0.0082659600   -0.0105123400   -0.0103633000
   0.0088170300    0.0117693800   -0.0102744500
  -0.0097439600   -0.0115165200    0.0075629000
   0.0026631000    0.0001514900   -0.0000056500
  -0.0025054600    0.0073374500    0.0065380700
   0.0037201000    0.0000965300    0.0000795100
   0.0162209000   -0.0061070300    0.0149707500
  -0.0027060600    0.0011693900   -0.0006905800
   0.0002382100   -0.0004646000    0.0019009500
   0.0003057900    0.0005860000   -0.0017146200
   0.0018280000    0.0014616200   -0.0042906700
  -0.0007479200    0.0005837500   -0.0013185600
   0.0009660400    0.0019058700   -0.0022612700
  -0.0003200400    0.0009435400   -0.0009798600
   0.0029446900   -0.0017454100    0.0030977200
  -0.0023333400    0.0014265500    0.0000922700
   0.0030238200    0.0023083900    0.0029522500
  -0.0023198800   -0.0030685300   -0.0027656000
  -0.0008547300    0.0001640400   -0.0009407400
  -0.0030612500    0.0018612400   -0.0033190300
  -0.0012033300    0.0004780000   -0.0010655400
  -0.0010823900   -0.0000011900   -0.0029475500
   0.0001180600   -0.0000415200   -0.0008992000
   0.0012630900   -0.0003083100   -0.0001239600
  -0.0039639300    0.0019335700    0.0013971700
   0.0051343200   -0.0011832000    0.0026845600
  -0.0014022100   -0.0013675600    0.0017445700
   0.0085605200    0.0049545800    0.0014943900
  -0.0015974900   -0.0008303200    0.0019993700
   0.0009833900   -0.0022055200    0.0006636900
  -0.0029989700   -0.0032237500   -0.0031425900
   0.0000526600    0.0001661900    0.0002796800
  -0.0001738900    0.0009170600    0.0000103100
   0.0003865000    0.0012079400    0.0011120200
   0.0010682700    0.0004551000   -0.0004227100
  -0.0001613200    0.0002953100    0.0001696600
   0.0009262600   -0.0000340200   -0.0010650400
  -0.0007835000    0.0004757500   -0.0006268200
  -0.0003449800   -0.0022098000    0.0018004100
  -0.0026647700    0.0007767000    0.0021502900
  -0.0027916100    0.0030564200    0.0090597500
  -0.0047624700    0.0026411900    0.0041175800
  -0.0008378400   -0.0009672700    0.0010369700
  -0.0009843100    0.0014074300    0.0002740400
  -0.0019107500   -0.0007990700    0.0027733300
  -0.0007991400   -0.0061477400    0.0076731800
  -0.0007204900   -0.0014361300   -0.0015778200
   0.0001674800   -0.0012703200   -0.0017788900
  -0.0015716200   -0.0008673000   -0.0026092100
   0.0005749000   -0.0010959300   -0.0021363400
  -0.0032358500    0.0059807200    0.0000301100
  -0.0011476500   -0.0001352400    0.0005577200
  -0.0003248000    0.0013372500   -0.0015808700
  -0.0014334200   -0.0003154700    0.0000592600
   0.0044871900   -0.0022597700   -0.0033647600
  -0.0004963200    0.0003732000   -0.0011724600
   0.0029130200   -0.0013960500   -0.0023738400
  -0.0000143600    0.0002997000   -0.0011419000
   0.0002461700   -0.0010223100   -0.0001378600
  -0.0005201800   -0.0012014800    0.0011129800
   0.0021495000    0.0028734300   -0.0034681400
   0.0000298400   -0.0001027400    0.0006033900
   0.0032688800    0.0035028500    0.0044655800
  -0.0010717200    0.0005397700    0.0004139700
   0.0018524400   -0.0009371800    0.0038693100
  -0.0028130200   -0.0000642700   -0.0002286000
  -0.0009978800   -0.0015604000    0.0023229000
   0.0041764500   -0.0005554800    0.0050593900
  -0.0019090200    0.0020821200   -0.0006654600
   0.0047925400   -0.0019085000    0.0042392100
  -0.0004688400   -0.0001664000   -0.0002649000
   0.0005215800   -0.0010198400   -0.0021442100
  -0.0006849300    0.0000888600    0.0004245700
  -0.0003540300   -0.0001822700   -0.0002861400

1    
 -0.0068093807806119  -0.0000000000036279  -0.0073234099560678
   0.0377108500   -0.0000156600    0.0438673900
  -0.0045084400   -0.0001695500    0.0015261500
   0.0025596300    0.0001718300    0.0015274400
  -0.0025391300   -0.0000038300    0.0007010000
   0.0011021700   -0.0007875900   -0.0026744100
  -0.0007748600   -0.0006273600   -0.0013626200
   0.0002968400    0.0011349700   -0.0023491900
  -0.0006648800    0.0002794300   -0.0010379300
   0.0034352700   -0.0044569900   -0.0025331300
  -0.0022489800   -0.0013268900    0.0002985300
   0.0036330600    0.0045751700   -0.0023503200
  -0.0026582300    0.0009158300   -0.0000729100
   0.0027266200   -0.0001545300    0.0017818700
  -0.0063583000    0.0000404700   -0.0066890600
   0.0011798400    0.0004087200    0.0011588700
  -0.0010666200    0.0000012800   -0.0009285900
   0.0028221400   -0.0003804100   -0.0064656700
  -0.0025028400    0.0001300800   -0.0033317300
   0.0011721100    0.0006258000   -0.0033326800
  -0.0011988500   -0.0000443900   -0.0012445800
  -0.0046342300   -0.0092612500    0.0050103100
  -0.0057338700    0.0062819300    0.0050253000
  -0.0082814200    0.0104523700    0.0103485900
  -0.0088161600   -0.0117848900    0.0102996300
   0.0097679000    0.0115664700   -0.0076138900
  -0.0026519200   -0.0001633700   -0.0000024500
   0.0025224100   -0.0073169200   -0.0065576300
  -0.0037445100   -0.0001066600   -0.0001484500
  -0.0160447600    0.0060621800   -0.0148081200
   0.0027660500   -0.0011893600    0.0006869100
  -0.0002554400    0.0004774600   -0.0018977600
  -0.0003132900   -0.0006181300    0.0017380100
  -0.0016881200    0.0000056000    0.0026622900
   0.0007830300    0.0008500400   -0.0002615700
  -0.0008512600   -0.0004377000    0.0006647900
   0.0003889700    0.0004945600   -0.0005880300
  -0.0030057900    0.0003821300   -0.0046899500
   0.0022584100   -0.0029347700   -0.0017275100
  -0.0031037300   -0.0037492200   -0.0045571600
   0.0022215400    0.0016551700    0.0011564000
  -0.0006109200   -0.0000464500   -0.0006620200
   0.0016520900   -0.0017545400    0.0017705200
  -0.0002349400   -0.0003930800   -0.0005262300
  -0.0003642100    0.0001083800    0.0013952500
   0.0013289700   -0.0000842400   -0.0006840100
   0.0001948100    0.0002066600   -0.0014657700
   0.0053678600   -0.0020091100   -0.0029704300
  -0.0037030700    0.0010773900   -0.0042607100
   0.0013120600   -0.0000872300   -0.0001381100
  -0.0088689300   -0.0060719900   -0.0003411400
   0.0014914800   -0.0006044800   -0.0004086800
  -0.0011217500    0.0007701400    0.0009216000
   0.0030958300    0.0046343700    0.0047015700
   0.0000745400    0.0013152100    0.0013167500
   0.0002491100    0.0005498000    0.0015945900
  -0.0002571500    0.0002584000    0.0004944000
   0.0003894300   -0.0005780600    0.0020412700
   0.0015849800   -0.0003798500    0.0014221100
   0.0005342200   -0.0000931300    0.0026294300
   0.0022070400   -0.0005543900    0.0022237400
  -0.0011213600    0.0022902200   -0.0001699000
   0.0011905800   -0.0006845400   -0.0005350900
   0.0015352300   -0.0031929300   -0.0072896500
   0.0033413000   -0.0025610000   -0.0025677100
   0.0009378000    0.0024110300   -0.0026393700
   0.0010905100    0.0000331700   -0.0018970000
   0.0020139500    0.0022455900   -0.0043359800
   0.0005177700    0.0072854800   -0.0094877200
   0.0006160500   -0.0000304800   -0.0000168300
  -0.0002459200   -0.0001593800    0.0001933400
   0.0014269200   -0.0005702100    0.0010108700
  -0.0006673400   -0.0003749600    0.0005395400
   0.0022132500   -0.0055920300   -0.0010078500
  -0.0003572400    0.0002412900   -0.0021711100
  -0.0011007100   -0.0012243300    0.0000109000
  -0.0000323900    0.0004253900   -0.0016819200
  -0.0030752600    0.0021843400    0.0017777900
   0.0019611400   -0.0005096100   -0.0004252400
  -0.0014387100    0.0012860700    0.0007679000
   0.0014682600   -0.0003903900   -0.0004340300
  -0.0003402200   -0.0004417300    0.0017197900
   0.0003975600   -0.0002643100    0.0004737200
  -0.0022121000   -0.0042859500    0.0050224600
  -0.0001422600   -0.0013402900    0.0010008900
  -0.0031816500   -0.0020599200   -0.0028970500
   0.0011795800    0.0009244500    0.0012020900
  -0.0017412500    0.0023036100   -0.0023448900
   0.0029355600    0.0015104400    0.0018400200
   0.0024606600    0.0014224200   -0.0006809700
  -0.0027831000    0.0005113900   -0.0035019000
   0.0033439700   -0.0021688400    0.0022507900
  -0.0033752300    0.0018501600   -0.0026862600
  -0.0009737000    0.0002477800    0.0018309800
  -0.0019836300    0.0011221900    0.0037733700
  -0.0007899300    0.0000452900    0.0011694700
  -0.0010907700    0.0002647400    0.0019042800

17   
  0.0068093807806119   0.0000000000036279   0.0073234099560678
  -0.0027773600   -0.0003567500    0.0064337800
   0.0024997100    0.0006605000    0.0033023600
  -0.0011459800    0.0001225800    0.0033069100
   0.0011753700   -0.0000661400    0.0011976400
   0.0038109500    0.0054502100   -0.0058030400
   0.0041856300   -0.0077365700   -0.0064247900
   0.0099264100   -0.0133468600   -0.0088921100
   0.0095621300    0.0112498200   -0.0095722500
  -0.0054730200   -0.0059774200    0.0038128800
   0.0030733900   -0.0020292600   -0.0004392300
  -0.0066348900    0.0107901300    0.0104913200
   0.0032199500    0.0019057000    0.0006120800
   0.0151403800    0.0027062200    0.0159862400
  -0.0016523900    0.0016024000   -0.0017638600
   0.0022399700   -0.0002234100    0.0000858800
  -0.0016638500   -0.0000780600    0.0001154500
  -0.3863348300    0.0082156700   -0.3669456500
   0.0127412100   -0.0009503300   -0.0074388100
  -0.0037201100    0.0009417700   -0.0075389700
   0.0032292300   -0.0000101600   -0.0034676100
   0.0023300200    0.0003883000    0.0052324300
  -0.0013945500   -0.0032791500    0.0078585500
   0.0012208100   -0.0000999200    0.0055109500
  -0.0008054500    0.0030663000    0.0081237700
  -0.0224165400    0.0113784000    0.0113200500
   0.0032041900    0.0005954700    0.0000977100
  -0.0143301300   -0.0202687300    0.0186071900
   0.0048100200   -0.0015519400    0.0016049000
  -0.0020668400    0.0005820700    0.0003800300
   0.0297262000    0.0081814600    0.0295266800
  -0.0010876300   -0.0003452700   -0.0001486600
   0.0011396500    0.0012367700    0.0018219800
   0.0106470900   -0.0227550300    0.0435548300
  -0.0048195600   -0.0009555200    0.0033546100
   0.0022088300   -0.0019183500    0.0021909000
  -0.0021943000   -0.0014667300    0.0006333000
  -0.0013422100   -0.0027021200   -0.0050507400
   0.0001303700   -0.0010037300   -0.0028028600
  -0.0014434100   -0.0011891300   -0.0029331000
  -0.0003268100   -0.0019087300   -0.0026107900
  -0.0021754000    0.0000841600   -0.0008170700
   0.0044189900   -0.0017703000    0.0044695500
  -0.0070830300    0.0026966700   -0.0030116700
   0.0118831700    0.0032349700    0.0024139600
   0.0003021100    0.0001488800   -0.0011161500
   0.0017931900   -0.0001302400   -0.0018820700
   0.0000282200   -0.0002853900   -0.0016711400
   0.0025881200   -0.0021862300   -0.0100062500
  -0.0021195500   -0.0021667300    0.0002889500
   0.0041243500    0.0032200900   -0.0019790600
  -0.0003476400   -0.0003213600    0.0002726200
   0.0029191100    0.0028295600   -0.0028969600
   0.0008141800    0.0008026800    0.0010555700
  -0.0176633700    0.0041858300   -0.0186345700
  -0.0001965300    0.0018539800    0.0024025700
  -0.0015421400   -0.0039148500   -0.0005605600
   0.0026797400   -0.0023798900    0.0042507600
   0.0005091200    0.0002613800    0.0017081500
   0.2060335900   -0.1140827300    0.1632847200
  -0.0025335000    0.0010894200    0.0024246000
   0.0004008400   -0.0000683500   -0.0010310800
  -0.0005648900    0.0008552800   -0.0005571800
   0.0015750100   -0.0007385100   -0.0020885000
  -0.0005761600   -0.0023289400   -0.0025258900
  -0.0006789200    0.0009741000   -0.0015706500
   0.0023127500    0.0023114200   -0.0037039100
  -0.0008260500    0.0021584400   -0.0032827400
   0.0018517500    0.0013464800   -0.0042639500
  -0.0005905600   -0.0004817800   -0.0001245700
   0.0018669500    0.0022121800    0.0017258300
  -0.0029637800   -0.0016183600    0.0010043300
   0.1124374300    0.1397703700    0.1308934200
   0.0007611000    0.0002858700   -0.0014204100
  -0.0088402600    0.0042952700   -0.0073949100
   0.0006232700   -0.0010787200   -0.0013200300
  -0.0018194900    0.0004701600   -0.0016876300
   0.0097297000   -0.0222900900   -0.0174588200
  -0.0007734600    0.0004389700    0.0002948500
   0.0015362200    0.0077810600   -0.0043211200
  -0.0006932100    0.0003486300    0.0013416000
   0.0005671300   -0.0004301800    0.0010269000
  -0.0007169500    0.0004453300    0.0013390700
   0.0074490000   -0.0009822800    0.0069063700
  -0.0091330100   -0.0050053200    0.0021728200
  -0.0014521700   -0.0030923900   -0.0029143700
  -0.0004352000    0.0004558700    0.0000321900
   0.0018624600    0.0041397100   -0.0062361700
  -0.0009811300   -0.0004544700   -0.0003706700
  -0.0012021400    0.0011966700   -0.0009474300
   0.0002988000    0.0023237700   -0.0040141800
  -0.0005626200    0.0003532400   -0.0004450100
   0.0001117800   -0.0012313200   -0.0018876500
  -0.0094329100    0.0009306600    0.0047543200
   0.0329207400   -0.0070619400    0.0194405800
  -0.0033823900    0.0020475200    0.0020016400
   0.0002960300   -0.0003026900    0.0033070500

17   
 -0.0068093807806119  -0.0000000000036279  -0.0073234099560678
   0.0027957100    0.0003485300   -0.0064451500
  -0.0025055200   -0.0006422300   -0.0033393100
   0.0011483200   -0.0001557000   -0.0033546500
  -0.0012013200    0.0000217000   -0.0012710700
  -0.0039523300   -0.0055049200    0.0056513200
  -0.0040934700    0.0076356900    0.0065953800
  -0.0098916200    0.0132574900    0.0087719300
  -0.0095352900   -0.0112916600    0.0096563400
   0.0056089500    0.0059248400   -0.0036761700
  -0.0031021700    0.0020352600    0.0004324700
   0.0067113200   -0.0108330300   -0.0104911900
  -0.0032724900   -0.0018485200   -0.0006016200
  -0.0150158200   -0.0026521500   -0.0157141800
   0.0017353300   -0.0014667300    0.0016078200
  -0.0022405800    0.0002189300   -0.0000375600
   0.0016803700    0.0000436600   -0.0001170600
   0.3792210800    0.0081487000    0.3636638700
  -0.0128486100    0.0010487200    0.0075759500
   0.0037636000   -0.0010532400    0.0075405300
  -0.0032799900   -0.0000155600    0.0035370000
  -0.0024244000   -0.0004199900   -0.0051732100
   0.0014355500    0.0033401200   -0.0079169400
  -0.0011699200    0.0001300800   -0.0054514900
   0.0007434900   -0.0030891800   -0.0081919700
   0.0220726700   -0.0114110500   -0.0114100400
  -0.0032165100   -0.0005591500   -0.0000905300
   0.0143119900    0.0201457900   -0.0187046500
  -0.0048198300    0.0015086900   -0.0015500400
   0.0017556300   -0.0003333400   -0.0002564100
  -0.0298967200   -0.0084448700   -0.0299200700
   0.0009829900    0.0003132300    0.0001554100
  -0.0010884800   -0.0012549400   -0.0018164100
  -0.0101732700    0.0236050000   -0.0448031300
   0.0049557700    0.0024360600   -0.0050100500
  -0.0021080900    0.0033416600   -0.0038416000
   0.0023110800    0.0029559600   -0.0022742800
   0.0012503400    0.0012379900    0.0033969600
  -0.0002631900   -0.0004631000    0.0012540100
   0.0013227300   -0.0002357300    0.0013465300
   0.0002664600    0.0004741800    0.0010531500
   0.0007698600    0.0000319100   -0.0007633900
  -0.0058202500    0.0019635100   -0.0059526500
   0.0056052600   -0.0025565100    0.0013759200
  -0.0132870300   -0.0031822900   -0.0039267600
   0.0011780200   -0.0002332300   -0.0004406700
  -0.0003549000    0.0001049700    0.0002999300
   0.0014955100    0.0001585600    0.0000470000
  -0.0012358200    0.0020976200    0.0084922300
   0.0020314700    0.0007072100    0.0012727900
  -0.0041900600   -0.0046067800    0.0036301900
   0.0002534400   -0.0011280200    0.0013037800
  -0.0030445300   -0.0043004700    0.0045486800
  -0.0005428400    0.0006533600    0.0005082500
   0.0180253100   -0.0028244300    0.0204952000
   0.0003367400   -0.0003755400   -0.0008093400
   0.0016241800    0.0053870900    0.0021200400
  -0.0012099100    0.0022738100   -0.0026704300
   0.0009442400   -0.0003797700   -0.0001365900
  -0.1954925900    0.1068342700   -0.1552357000
   0.0039446500   -0.0012092900   -0.0008646400
  -0.0018068000    0.0001806800    0.0026326600
  -0.0008669600   -0.0008075800    0.0021889400
  -0.0030145000    0.0007642900    0.0036646900
  -0.0008291500    0.0024416000    0.0041429400
   0.0007953000    0.0005081900   -0.0000406600
  -0.0022142200   -0.0008437100    0.0021345000
   0.0008770100   -0.0007204300    0.0016770600
  -0.0017392600    0.0000635600    0.0026957400
   0.0005083400   -0.0009678000   -0.0015120100
  -0.0019795000   -0.0035879400   -0.0033921000
   0.0028895100    0.0001024800   -0.0025952400
  -0.1155889700   -0.1483885100   -0.1362857800
  -0.0021465900   -0.0002043500   -0.0001931400
   0.0074256800   -0.0042269000    0.0058380000
  -0.0020936600    0.0012222400   -0.0002433100
   0.0003981700   -0.0003449400    0.0001186500
  -0.0080991200    0.0217968500    0.0156812600
   0.0021464400   -0.0005095400   -0.0018643600
  -0.0000824600   -0.0078703300    0.0027545000
   0.0021385500   -0.0004196200   -0.0029459200
  -0.0006071100   -0.0009379700    0.0005422100
   0.0005828200   -0.0019153400    0.0002556600
  -0.0074836900   -0.0005826300   -0.0053271500
   0.0090445900    0.0035383600   -0.0005984900
   0.0015470400    0.0045386600    0.0044934700
   0.0005721300    0.0010054300    0.0015389200
  -0.0017168300   -0.0026247200    0.0078503700
   0.0011137700    0.0018784700    0.0019520800
   0.0026925100   -0.0013095900    0.0025577600
   0.0010731400   -0.0024439000    0.0056594400
   0.0019996300   -0.0004738900    0.0020347200
   0.0013562600    0.0011102800    0.0035019100
   0.0079845500   -0.0008854200   -0.0031711400
  -0.0340285000    0.0065478900   -0.0176840200
   0.0019456600   -0.0019796200   -0.0004289600
  -0.0017982800    0.0004325100   -0.0017069100

33   
  0.0100000000000000   0.0000000000053277   0.0000000000000000
   0.0017328800    0.0007344300    0.0007780800
  -0.0016352300   -0.0002439800    0.0005387900
   0.0007903300   -0.0002349400    0.0005299100
  -0.0007482100   -0.0002529200    0.0002293600
   0.0018492800   -0.0017832700   -0.0023844000
  -0.0031415900    0.0030235500    0.0002662800
   0.0014751500   -0.0008281000   -0.0027727100
  -0.0023325700   -0.0021047000    0.0009724300
   0.0077301400   -0.0033711900    0.0046305000
  -0.0031283800   -0.0007401200    0.0009755700
   0.0031630500   -0.0012856000   -0.0014938400
  -0.0019740600    0.0002571900   -0.0003093000
   0.0015703000    0.0016739500    0.0014693400
  -0.0021952200   -0.0003387300    0.0020917300
   0.0004543800   -0.0006396900   -0.0000357800
  -0.0004815000   -0.0003113200   -0.0001881900
   0.0912104300    0.0850604100   -0.0699653600
  -0.0057715100    0.0020175300   -0.0013270600
   0.0030202500   -0.0015097300    0.0001868400
  -0.0020794600   -0.0017353400   -0.0011472000
   0.0003567400   -0.0012202300    0.0021318500
  -0.0004949600    0.0009568400   -0.0007036000
   0.0006555100    0.0008305000    0.0024939700
  -0.0008183800   -0.0009205800   -0.0002750700
   0.0043761400    0.0013548000    0.0016218900
  -0.0023250400    0.0009626700   -0.0007136800
   0.0011108400   -0.0029760800    0.0030584600
  -0.0006182100   -0.0004443600    0.0001586400
  -0.0076017600    0.0139106800    0.0173037800
  -0.0061749900   -0.0043501700   -0.0066428700
  -0.0007365700   -0.0023117500    0.0014540600
  -0.0006904800   -0.0003019600   -0.0002705700
  -0.1141113100   -0.0895098200    0.0625043700
   0.0027339200    0.0011339500   -0.0012504900
  -0.0006205600    0.0014322700   -0.0003089900
   0.0009847700    0.0014763300   -0.0011651800
  -0.0004456500   -0.0011595300   -0.0017825200
   0.0001772700   -0.0009983500   -0.0007755400
  -0.0006610900   -0.0010645400   -0.0016162100
   0.0002712200   -0.0004804100   -0.0007267600
   0.0012997800    0.0001060500    0.0015328900
  -0.0016468100   -0.0006354500   -0.0020174700
  -0.0014324300    0.0002833300   -0.0009324800
  -0.0015446000    0.0022572600   -0.0030378100
   0.0013769900   -0.0002787500   -0.0013621900
   0.0005483200   -0.0001072600   -0.0007553900
   0.0036748300   -0.0022681600   -0.0034395300
  -0.0010270000    0.0006302700    0.0016146800
  -0.0000774200   -0.0010375600    0.0008347200
  -0.0009042100   -0.0017298100    0.0003205200
   0.0002513400   -0.0004473100    0.0005842600
   0.0001924700    0.0000348100    0.0002566400
   0.0163675600   -0.0019663400   -0.0083308800
   0.0161130600    0.0034176200    0.0107963500
   0.0004527200    0.0011666400    0.0015357600
   0.0004672200    0.0017649500    0.0013096800
  -0.0013540700    0.0019711100    0.0010429100
   0.0016828800   -0.0005357200    0.0010922800
  -0.0201453000    0.0004392500   -0.0023906200
   0.0028361800   -0.0009059400    0.0015459400
  -0.0013514600    0.0005467900    0.0005997200
  -0.0001273200   -0.0003053500    0.0006534900
  -0.0013221900   -0.0006253200   -0.0002254000
   0.0000662800    0.0003296800    0.0010835700
   0.0002631700    0.0012039400   -0.0012654000
   0.0000992300    0.0006922900   -0.0008045200
   0.0000657200    0.0009396800   -0.0017285700
   0.0002949600    0.0010362100   -0.0011646300
   0.0021692400    0.0014772700   -0.0005100000
  -0.0009541500   -0.0028907000   -0.0011700600
   0.0013326800   -0.0013191400    0.0003014600
   0.0052306100    0.0076521700    0.0054463300
  -0.0028646200    0.0002456800   -0.0069691900
   0.0022600500   -0.0012334900    0.0010252200
  -0.0018751000    0.0007575700   -0.0014152400
  -0.0002387000   -0.0000291200   -0.0007702300
  -0.0029803200   -0.0002523200    0.0033174900
   0.0023801800   -0.0007257900   -0.0014701200
   0.0000817300    0.0012296800   -0.0006908800
   0.0012117500    0.0000340700   -0.0009145300
   0.0005521500    0.0044614600   -0.0016163300
   0.0005598900   -0.0010566800    0.0008787900
  -0.0006116100   -0.0105783100    0.0000194100
   0.0023504100    0.0003984000   -0.0000807200
  -0.0003590300    0.0006942300    0.0005342900
   0.0005570400    0.0010110000    0.0011339400
  -0.0003516200    0.0005102900   -0.0004590700
   0.0005532800    0.0009297400    0.0008430300
   0.0008720600    0.0006192400   -0.0005854000
   0.0004995400   -0.0005555400    0.0015445100
   0.0008010800   -0.0003441300    0.0003165200
   0.0005811000    0.0003129200    0.0008489300
   0.0015333900   -0.0019688300    0.0017776300
   0.0089604600   -0.0005074000   -0.0087257000
  -0.0010051800    0.0005422900    0.0012140000
  -0.0012420900    0.0009008200    0.0012868300

33   
 -0.0100000000000000  -0.0000000000053277   0.0000000000000000
  -0.0017345500   -0.0007531600   -0.0007557100
   0.0016350100    0.0002266100   -0.0005009700
  -0.0008038400    0.0002291600   -0.0004782400
   0.0007470700    0.0002474600   -0.0002177900
  -0.0015419200    0.0020192100    0.0025787700
   0.0031323800   -0.0030420400   -0.0002290400
  -0.0014770500    0.0008265200    0.0027992600
   0.0023128200    0.0020997700   -0.0009427100
  -0.0077003200    0.0034675500   -0.0047798900
   0.0031188500    0.0007480500   -0.0010397200
  -0.0031439900    0.0012997600    0.0014684100
   0.0019696600   -0.0002466000    0.0002771100
  -0.0015624400   -0.0016748900   -0.0014992600
   0.0021871800    0.0003417500   -0.0021476500
  -0.0004273600    0.0006620900    0.0000064100
   0.0004838900    0.0003223100    0.0001688300
  -0.0914751500   -0.0870360400    0.0714979100
   0.0057310500   -0.0019798100    0.0013399700
  -0.0029712500    0.0015314000   -0.0001608700
   0.0020702000    0.0017278100    0.0011613600
  -0.0003471600    0.0012156700   -0.0021170700
   0.0004504600   -0.0009477300    0.0006988800
  -0.0006423100   -0.0008216300   -0.0024838000
   0.0007815200    0.0009316600    0.0002872800
  -0.0043726200   -0.0013706300   -0.0016083300
   0.0023240600   -0.0009711800    0.0006856800
  -0.0010855100    0.0029565800   -0.0030521600
   0.0006070700    0.0004251200   -0.0001523600
   0.0076608400   -0.0137653800   -0.0171828700
   0.0061517000    0.0043690100    0.0066366000
   0.0007539500    0.0022786800   -0.0014628600
   0.0006703400    0.0002927600    0.0002506600
   0.1138780500    0.0926660000   -0.0657980800
  -0.0025783500    0.0004024200   -0.0004363800
   0.0007409000    0.0000687800   -0.0013763300
  -0.0008231600    0.0000677800   -0.0005129200
   0.0002884300   -0.0003414100    0.0001095400
  -0.0003093800   -0.0005122000   -0.0009101200
   0.0004963200   -0.0004651200   -0.0000589600
  -0.0004086600   -0.0010414300   -0.0009515400
  -0.0027410900    0.0000415900   -0.0031205400
   0.0001683300    0.0007668900    0.0003976300
  -0.0000365100   -0.0001467000   -0.0007023800
   0.0000504400   -0.0021171500    0.0013816900
   0.0000715600    0.0001463400   -0.0002733300
   0.0009459700   -0.0000506300   -0.0008742700
  -0.0022071900    0.0021113100    0.0017883100
   0.0025271900   -0.0007717100   -0.0032648400
  -0.0000732100   -0.0004766200    0.0008219700
   0.0007638000    0.0002325800    0.0013423300
  -0.0003996300   -0.0010477100    0.0010683400
  -0.0003302200   -0.0015709200    0.0014264200
  -0.0159149700    0.0034315500    0.0097935600
  -0.0161712500   -0.0018982100   -0.0092456000
  -0.0003107100    0.0003504100    0.0001277800
  -0.0003011500   -0.0002364200    0.0003709300
   0.0027937600   -0.0020721700    0.0006113900
  -0.0001800900    0.0003860100    0.0005671000
   0.0217786900   -0.0005799800    0.0040817200
  -0.0013369100    0.0007470800    0.0001042800
  -0.0001282500   -0.0004080900    0.0010349800
  -0.0013173900    0.0004515500    0.0009713100
  -0.0001794600    0.0007723700    0.0018828100
  -0.0015270400   -0.0001915500    0.0005637000
  -0.0001298900    0.0003094700   -0.0004116300
   0.0000645500    0.0008211100   -0.0008942900
   0.0000677500    0.0005803400    0.0000479400
  -0.0001311200    0.0005078200   -0.0005367800
  -0.0022737400   -0.0029642200   -0.0011865100
   0.0008051000    0.0013551400   -0.0005189800
  -0.0014660300   -0.0002179300   -0.0019858900
  -0.0053808700   -0.0091589300   -0.0070486600
   0.0013295300   -0.0000810200    0.0053216800
  -0.0037215400    0.0013646700   -0.0026566700
   0.0003708700   -0.0005984800   -0.0002217700
  -0.0012301100    0.0001635800   -0.0008615500
   0.0044011600    0.0000758300   -0.0049662100
  -0.0008985700    0.0005930500   -0.0001407100
   0.0013787400   -0.0013664000   -0.0009382500
   0.0002842800   -0.0001687600   -0.0007391300
  -0.0007189900   -0.0059435400    0.0032517900
  -0.0006944200   -0.0004684600    0.0008059100
   0.0003864100    0.0090153700    0.0016669200
  -0.0024744200   -0.0019210700    0.0017692600
   0.0004969100    0.0008377600    0.0011537500
  -0.0003962200    0.0004971900    0.0005197900
   0.0004958600    0.0010030700    0.0021309000
  -0.0003951700    0.0005898800    0.0008040600
   0.0005744400   -0.0007711700    0.0022077100
   0.0010165800    0.0004037700    0.0001201800
   0.0006769500    0.0001873500    0.0013393600
   0.0009437800   -0.0004446600    0.0008300600
  -0.0029524500    0.0020676200   -0.0000936600
  -0.0104418200    0.0005348100    0.0104612800
  -0.0004737100   -0.0003832400    0.0004415900
  -0.0002452000   -0.0007444600    0.0003622400

33   
 -0.0000000000053277   0.0100000000000000   0.0000000000000000
   0.0002873200    0.0010556200    0.0007220800
  -0.0002118200    0.0005055400    0.0000268400
   0.0004344600   -0.0009089000    0.0011912700
  -0.0003375400   -0.0005972300    0.0006404800
  -0.0055949200    0.0010566600   -0.0038045800
   0.0004980400    0.0033036000   -0.0025323800
   0.0027322700   -0.0042655300   -0.0015750000
  -0.0029637100   -0.0033132500    0.0004715900
   0.0027794200    0.0013371600    0.0047445100
  -0.0010479600    0.0006806100    0.0000955900
   0.0009413300   -0.0036878200   -0.0029164200
  -0.0002410900   -0.0009506900    0.0000677900
   0.0021771000    0.0025189800    0.0028290100
  -0.0024343400   -0.0001402200    0.0030943300
   0.0001130200   -0.0012567800   -0.0005204100
  -0.0002087500   -0.0006326100   -0.0004216700
   0.0867586800    0.1696653100   -0.1118300400
  -0.0018690200    0.0021673100   -0.0005928600
   0.0002298300   -0.0087978000   -0.0037812200
  -0.0014984500   -0.0021091000   -0.0016935400
  -0.0009932300    0.0014360300    0.0017819400
   0.0009204800    0.0003918500    0.0011404200
   0.0007745500   -0.0013645600    0.0013901500
  -0.0006925000   -0.0008435300    0.0009780200
   0.0053372100    0.0024558200    0.0003931700
  -0.0019306500    0.0017965900   -0.0001997500
  -0.0001667200   -0.0064727500    0.0050138200
   0.0001014300   -0.0011367200    0.0004282500
   0.0024839700    0.0157469500   -0.0025688000
  -0.0030863500    0.0043002200   -0.0029246700
  -0.0032598900   -0.0057427500    0.0033891200
   0.0016914100   -0.0021325300    0.0000350800
  -0.0892383500   -0.1883115300    0.1125079400
   0.0003253100    0.0001572500   -0.0002803200
   0.0006862900    0.0041385300   -0.0014636300
   0.0006776300    0.0016265400   -0.0008355600
  -0.0004486800   -0.0016746000   -0.0013917700
  -0.0002361100   -0.0014555200   -0.0014243200
  -0.0003192700   -0.0002545400   -0.0013954600
   0.0002621400   -0.0003474500   -0.0008925500
   0.0014924000   -0.0002248100    0.0016522700
  -0.0017594200   -0.0017400100   -0.0014229600
  -0.0020255400    0.0006986400   -0.0013922000
  -0.0004318800    0.0029981500   -0.0039473000
   0.0020567100   -0.0007245800   -0.0017623600
  -0.0014791300    0.0019465500   -0.0011195300
   0.0004818600   -0.0008222100   -0.0005833700
   0.0017696200   -0.0009364600    0.0003288900
  -0.0002874600   -0.0012535100    0.0006771400
  -0.0009710400   -0.0021962000    0.0000005400
   0.0003120400   -0.0000218600    0.0004388500
   0.0008432200    0.0010026400   -0.0002846000
   0.0026515600   -0.0046567700   -0.0030863500
  -0.0025790000   -0.0046392000    0.0015771200
   0.0010067700    0.0030486000    0.0023596000
   0.0003961800    0.0030462900    0.0011134000
  -0.0004103400    0.0022109600    0.0021797200
   0.0012053600   -0.0002959000    0.0011273100
  -0.0116798000    0.0096210600   -0.0106834100
   0.0023351100   -0.0005148400    0.0012707800
   0.0009193200   -0.0003083800   -0.0015210800
  -0.0006201400   -0.0001118700    0.0006877000
  -0.0011069600    0.0002354800    0.0010807400
  -0.0004524100    0.0000826800    0.0006873700
   0.0002629000    0.0010032300   -0.0012305300
   0.0002000600    0.0009521800   -0.0011294800
  -0.0000979200    0.0009479300   -0.0012850500
   0.0004548700    0.0010201600   -0.0016222400
   0.0022247700    0.0011784600   -0.0003080900
  -0.0021539100    0.0070388100    0.0018485200
  -0.0005474900   -0.0011925800   -0.0006522700
   0.0083740800    0.0118831900    0.0093347900
   0.0017832600   -0.0036357500   -0.0013980300
  -0.0000910200   -0.0006473900   -0.0002029400
  -0.0023841400    0.0016928300   -0.0020289200
  -0.0009308700    0.0005127100   -0.0012427800
  -0.0017768500   -0.0021584900    0.0050921600
   0.0023578800   -0.0011372000   -0.0016841200
   0.0000840900    0.0029935500   -0.0005193400
   0.0009140300    0.0005363800   -0.0006560000
   0.0051951100    0.0102907400   -0.0042771600
  -0.0002737900   -0.0010487400    0.0008651800
  -0.0097896900    0.0032144900    0.0109433600
   0.0011792600   -0.0012587400    0.0020174000
  -0.0002351200    0.0007181500    0.0006350500
   0.0001912100    0.0007613900    0.0007797700
  -0.0000625000    0.0007355200   -0.0012151900
   0.0002793800    0.0007597200    0.0005511200
   0.0010819900   -0.0005958100    0.0008148900
  -0.0008802200   -0.0006000800   -0.0007366200
   0.0004478600    0.0008127300    0.0000185300
   0.0006265800    0.0005627600    0.0005092200
   0.0003854100   -0.0020385000    0.0010712600
   0.0116595000   -0.0208244700   -0.0055972500
  -0.0012376800    0.0009862300    0.0013608500
  -0.0023406000    0.0021479400    0.0026691700

33   
  0.0000000000053277  -0.0100000000000000   0.0000000000000000
  -0.0002734400   -0.0010646400   -0.0007473900
   0.0002092700   -0.0005137100   -0.0000385100
  -0.0004364400    0.0009064700   -0.0011892500
   0.0003448800    0.0005839500   -0.0006413200
   0.0058114300   -0.0008811400    0.0038885400
  -0.0004821800   -0.0032971600    0.0025288100
  -0.0027378300    0.0042496700    0.0015905100
   0.0029877000    0.0033317300   -0.0004832900
  -0.0029003800   -0.0011415500   -0.0049747400
   0.0010424600   -0.0006584800   -0.0000939300
  -0.0009481300    0.0036831600    0.0029361300
   0.0002337500    0.0009435300   -0.0000483800
  -0.0021964200   -0.0025185900   -0.0028345800
   0.0024426000    0.0001516100   -0.0030953900
  -0.0001319800    0.0012640300    0.0005167600
   0.0002106700    0.0006315400    0.0004381700
  -0.0907514000   -0.1742322100    0.1165971400
   0.0018727400   -0.0022144100    0.0006237300
  -0.0001943000    0.0087893000    0.0037404700
   0.0014527300    0.0021302200    0.0016818200
   0.0009595100   -0.0014094400   -0.0018039500
  -0.0008858800   -0.0003281500   -0.0011705900
  -0.0008025800    0.0013536000   -0.0014051500
   0.0007021600    0.0008185100   -0.0009738300
  -0.0053855000   -0.0024582500   -0.0003702500
   0.0019190200   -0.0017970000    0.0001826900
   0.0001901400    0.0065027900   -0.0050590200
  -0.0000925700    0.0011432900   -0.0004735600
  -0.0023365400   -0.0158594200    0.0024376800
   0.0030621600   -0.0043934700    0.0029168900
   0.0032413500    0.0057422700   -0.0033333600
  -0.0016642300    0.0021435600   -0.0000453100
   0.0930024900    0.1938544700   -0.1186258500
  -0.0002723800    0.0012455300   -0.0013205000
  -0.0005948400   -0.0026908400   -0.0001082900
  -0.0006095100   -0.0001570300   -0.0007585100
   0.0003343000    0.0002430000   -0.0002043800
   0.0001619400    0.0000395700   -0.0002362000
   0.0002101300   -0.0011547700   -0.0002105000
  -0.0003608400   -0.0010702900   -0.0006797500
  -0.0028876700    0.0002519600   -0.0031942800
   0.0003334500    0.0018412000   -0.0000962400
   0.0006315200   -0.0006071400   -0.0001936800
  -0.0009632000   -0.0029023900    0.0023603900
  -0.0006234200    0.0006259900    0.0002038300
   0.0028885600   -0.0020808000   -0.0004597900
   0.0009544600    0.0007322600   -0.0009671500
  -0.0003324200    0.0008381800   -0.0018564600
   0.0001952600   -0.0001373900    0.0008492600
   0.0009024700    0.0007854700    0.0015922300
  -0.0003781800   -0.0013557000    0.0010940400
  -0.0009027300   -0.0024162200    0.0018497200
  -0.0026112200    0.0060699300    0.0047307600
   0.0028307100    0.0060876400    0.0000771100
  -0.0009084700   -0.0015962300   -0.0007671900
  -0.0003237900   -0.0016055100    0.0004504500
   0.0018312700   -0.0022996100   -0.0006121500
   0.0002052400    0.0001971300    0.0004521400
   0.0131859200   -0.0097919300    0.0123345700
  -0.0009297100    0.0004285700    0.0002772300
  -0.0023513700    0.0003203100    0.0030665600
  -0.0007843800    0.0002569600    0.0009222900
  -0.0003398500   -0.0001100100    0.0005116600
  -0.0009849200   -0.0000063100    0.0009427300
  -0.0001687700    0.0004135000   -0.0003725500
  -0.0000917400    0.0004811400   -0.0004477100
   0.0001567100    0.0004781300   -0.0002818800
  -0.0003658800    0.0004154600    0.0000455300
  -0.0022979500   -0.0026454600   -0.0012663000
   0.0020292800   -0.0084573800   -0.0034927500
   0.0004580800   -0.0002233800   -0.0009348700
  -0.0085105400   -0.0133959400   -0.0109365700
  -0.0032601100    0.0037283000   -0.0001421900
  -0.0013452900    0.0006950400   -0.0013046500
   0.0009438100   -0.0015875600    0.0004724400
  -0.0004934700   -0.0003973300   -0.0003437200
   0.0032651200    0.0019927600   -0.0067602400
  -0.0009515500    0.0010357400    0.0001005300
   0.0013528800   -0.0030574100   -0.0010610200
   0.0004920600   -0.0005689100   -0.0008814500
  -0.0052537000   -0.0116789800    0.0058372500
   0.0002031600   -0.0004242800    0.0006924500
   0.0097510300   -0.0047082600   -0.0094129600
  -0.0012544500   -0.0001659800   -0.0004611000
   0.0003297200    0.0006970300    0.0009700600
  -0.0000876200    0.0006594600    0.0008089900
   0.0001688100    0.0007060700    0.0028097000
  -0.0001785800    0.0006551300    0.0010031900
   0.0003427500    0.0004848600    0.0008072900
   0.0023599200    0.0005282800    0.0023459500
   0.0009872000   -0.0008540300    0.0015785700
   0.0007853600   -0.0006489800    0.0010954200
  -0.0018363300    0.0021220100    0.0005080100
  -0.0132145900    0.0211719200    0.0071840100
  -0.0002053500   -0.0008668800    0.0002072000
   0.0009184700   -0.0020216400   -0.0010882300

33   
  0.0000000000000000   0.0000000000000000   0.0100000000000000
  -0.0015572000   -0.0008236800   -0.0032849400
   0.0009418600    0.0001044700   -0.0016138800
  -0.0003416800    0.0002878200   -0.0016876000
   0.0004257300    0.0001883100   -0.0006884300
   0.0035121800    0.0029189300    0.0085019900
   0.0019226000   -0.0018282000    0.0030310800
  -0.0019594700    0.0013666300    0.0032982700
   0.0027856000    0.0020532500   -0.0000942900
  -0.0017006000    0.0023339300    0.0025307200
   0.0014432800    0.0010837900   -0.0000861100
  -0.0028067200    0.0005931400    0.0024305000
   0.0011775900   -0.0007322800    0.0005337300
  -0.0027384300   -0.0002786200   -0.0032436000
   0.0027229500    0.0007292300   -0.0028113600
  -0.0009025500   -0.0000768300   -0.0004272900
   0.0008200400   -0.0001673200   -0.0003306900
  -0.0666867400   -0.1048997100    0.1219791200
   0.0017603200   -0.0007177000    0.0040870500
   0.0003392700    0.0017292600    0.0038304800
   0.0005659700    0.0002211000    0.0014785600
   0.0005199500    0.0014406500   -0.0052623500
  -0.0003222900    0.0006279900   -0.0030975200
  -0.0005780300   -0.0011480400   -0.0034746600
   0.0007953300   -0.0001103400   -0.0017979100
   0.0031186500   -0.0063201300   -0.0067466700
   0.0004921900   -0.0004033400   -0.0011342500
  -0.0000263800    0.0042026400   -0.0051020800
   0.0001635800    0.0004002700   -0.0008738000
   0.0187714000   -0.0144091600   -0.0091963800
   0.0008154300   -0.0064486400    0.0011037400
   0.0011497500    0.0023937400   -0.0007637200
  -0.0007806500    0.0016053600    0.0014437500
   0.0654069100    0.1177380300   -0.1414421300
  -0.0003165700    0.0012368000   -0.0021971600
   0.0006203700    0.0000262000   -0.0015879000
  -0.0002422000    0.0006884700   -0.0012709000
   0.0008741200   -0.0001247800    0.0021631700
  -0.0001517100   -0.0001620500    0.0002209500
   0.0007076400   -0.0001313400    0.0004455000
  -0.0001946900   -0.0006054500   -0.0003561900
  -0.0003908600    0.0001268200   -0.0007334100
  -0.0017938400    0.0025066200   -0.0015486100
   0.0002760300   -0.0004731600   -0.0004950300
  -0.0009026300   -0.0025520700    0.0015980100
   0.0001232000    0.0000395600   -0.0004921100
   0.0031181400   -0.0023728300   -0.0007307800
  -0.0024010600    0.0021149600    0.0015886600
   0.0000303400    0.0011435400   -0.0015432500
  -0.0000776600   -0.0007771700    0.0015363400
  -0.0006013700   -0.0015169800    0.0033587700
  -0.0003250500   -0.0010199000    0.0013171200
  -0.0006793800   -0.0017758800    0.0019788100
  -0.0099327800   -0.0000123100    0.0011182900
   0.0091419000    0.0046500300    0.0011275600
  -0.0003856800    0.0003837200   -0.0001632800
  -0.0006291600   -0.0008422500   -0.0001630300
   0.0004327400    0.0008602700   -0.0004653100
   0.0001287300    0.0003206200    0.0003295100
   0.0070598000   -0.0096921900    0.0095766900
  -0.0011735700    0.0004001400   -0.0001330200
  -0.0022618800   -0.0006379500    0.0032960700
  -0.0010213700    0.0000658900    0.0011881700
  -0.0007239000    0.0014530100    0.0023111700
  -0.0015028000    0.0005894300    0.0014732900
  -0.0002181500   -0.0001098100    0.0003755100
  -0.0008045400    0.0002104000    0.0005200900
   0.0001277000    0.0003743300    0.0005192900
  -0.0003389800    0.0003054400    0.0003793500
  -0.0004280800   -0.0011937300   -0.0018733000
   0.0002459900   -0.0034228900   -0.0038422500
  -0.0012211900   -0.0008472200   -0.0025601100
  -0.0063547600   -0.0109028100   -0.0235395700
  -0.0065985200    0.0041630100    0.0118637200
  -0.0009881600    0.0001884200   -0.0005361500
   0.0001738500   -0.0006060300   -0.0003730200
  -0.0008106000   -0.0000123600   -0.0006568100
   0.0001161200    0.0060960600    0.0120370200
  -0.0005442600    0.0005226400   -0.0003819100
   0.0012399800   -0.0019042300   -0.0005415200
   0.0002748300   -0.0001123900   -0.0006633800
  -0.0025045700   -0.0057907500    0.0009636600
  -0.0000621700   -0.0006298400    0.0002996000
  -0.0009209500    0.0094327500   -0.0008283200
  -0.0010183800    0.0005233900   -0.0009826900
   0.0013826100    0.0027302000    0.0029484200
   0.0000524900    0.0009240600    0.0012446700
   0.0004027800    0.0008963500    0.0029448900
  -0.0002339900    0.0007331500    0.0012467700
   0.0004343900   -0.0011285300    0.0023111000
   0.0029852600   -0.0002717900    0.0032943800
   0.0008626300    0.0001930000    0.0014715000
   0.0008464200   -0.0002151200    0.0011845100
   0.0006787200   -0.0001402200   -0.0004581900
  -0.0122394500    0.0032694100    0.0095864300
  -0.0003821700   -0.0001854500    0.0003352700
  -0.0002095400   -0.0006537100   -0.0001263600

33   
  0.0000000000000000   0.0000000000000000  -0.0100000000000000
   0.0015821900    0.0008256400    0.0033075000
  -0.0009544500   -0.0001232200    0.0016061100
   0.0003813600   -0.0002712800    0.0016717000
  -0.0004359900   -0.0001831100    0.0006550900
  -0.0032966300   -0.0027777100   -0.0084873500
  -0.0019931900    0.0018243900   -0.0030161400
   0.0019872400   -0.0013898900   -0.0032843700
  -0.0027928100   -0.0020497400    0.0000711700
   0.0015337700   -0.0020420500   -0.0029558700
  -0.0014700000   -0.0010766700    0.0000911300
   0.0027777900   -0.0005993800   -0.0024477200
  -0.0011833100    0.0006982400   -0.0005484700
   0.0027645800    0.0002595700    0.0032495500
  -0.0027726900   -0.0007078000    0.0028023100
   0.0009295800    0.0000909100    0.0004443100
  -0.0008604100    0.0001471600    0.0003379000
   0.0644720400    0.1016606800   -0.1206971400
  -0.0016511200    0.0006615200   -0.0041285800
  -0.0003090900   -0.0016899800   -0.0039295500
  -0.0007009200   -0.0001345400   -0.0014623400
  -0.0005093600   -0.0013917300    0.0052430200
   0.0002299200   -0.0006979800    0.0030998100
   0.0005427700    0.0011499400    0.0034128400
  -0.0008115400    0.0001218300    0.0017386600
  -0.0029942700    0.0063100400    0.0068975000
  -0.0006299100    0.0003955300    0.0012772100
   0.0000545300   -0.0041424800    0.0051050300
  -0.0000103000   -0.0004463800    0.0008507600
  -0.0188633400    0.0144225800    0.0091736100
  -0.0008226500    0.0065197400   -0.0010906200
  -0.0011807400   -0.0025050100    0.0007426000
   0.0008824600   -0.0016415400   -0.0014942300
  -0.0632709300   -0.1136837300    0.1397226200
   0.0001450100   -0.0000366400    0.0005167400
  -0.0008332100    0.0012108900   -0.0000771900
   0.0000520800    0.0005350400   -0.0004127000
  -0.0007142600   -0.0011362900   -0.0038736900
   0.0003958000   -0.0010276800   -0.0018480500
  -0.0005330300   -0.0010477900   -0.0021113300
   0.0003813300   -0.0006104000   -0.0012955100
  -0.0008430700   -0.0003398400   -0.0009310200
   0.0005786400   -0.0026899700   -0.0001074300
  -0.0014778900    0.0002583700   -0.0011728100
  -0.0002799000    0.0023489800   -0.0032188100
   0.0010828300    0.0001683600   -0.0011397900
  -0.0019767400    0.0026014500   -0.0008874500
   0.0035392900   -0.0019021700   -0.0032011400
   0.0012288100   -0.0009789800   -0.0001330700
   0.0002820500   -0.0003770700    0.0000457600
   0.0008020800    0.0003085900   -0.0017293400
   0.0005721100   -0.0001285800    0.0003163800
   0.0008903000    0.0005657200   -0.0003752800
   0.0096898500    0.0011922800    0.0005329800
  -0.0092490600   -0.0033776500    0.0006147100
   0.0002334100    0.0008661700    0.0018083600
   0.0004632400    0.0020421200    0.0018020700
   0.0007012100   -0.0006334300    0.0020543800
   0.0011100500   -0.0001660600    0.0013598700
  -0.0059350800    0.0098833800   -0.0079751700
   0.0023557700   -0.0001623400    0.0017557100
   0.0010480700    0.0004285700   -0.0016493500
  -0.0001501300   -0.0002637200    0.0004320700
  -0.0004908200   -0.0016347900   -0.0006685100
   0.0002754100   -0.0007989600    0.0002003400
   0.0000065500    0.0013067200   -0.0020081000
   0.0006534700    0.0010377700   -0.0021756500
  -0.0003281900    0.0008351600   -0.0021812900
   0.0001607400    0.0009123100   -0.0020274100
   0.0005972300   -0.0000573800    0.0001920600
  -0.0000247900    0.0022411700    0.0022203400
   0.0013717800   -0.0003618500    0.0008575500
   0.0065186800    0.0096309600    0.0216525900
   0.0054879500   -0.0044222900   -0.0137205900
  -0.0001907400   -0.0003932900   -0.0010946300
  -0.0013915700    0.0004491500   -0.0012739500
  -0.0003902600   -0.0001555600   -0.0009605400
   0.0010759200   -0.0058208100   -0.0135305500
   0.0018042100   -0.0003745600   -0.0012669600
  -0.0000372300    0.0021206200   -0.0011333400
   0.0008754600    0.0003413800   -0.0009417300
   0.0026507900    0.0045509100    0.0007268900
   0.0002533200   -0.0005514500    0.0013102500
   0.0010989200   -0.0106154200    0.0025324200
   0.0012053000   -0.0017144900    0.0025744100
  -0.0016507900   -0.0015950600   -0.0013833100
  -0.0002017200    0.0002933400    0.0004171100
  -0.0005844100    0.0003251300   -0.0012973800
  -0.0000098800    0.0004029200    0.0003426200
   0.0007723000    0.0013188300   -0.0006511200
  -0.0017782500    0.0004434400   -0.0016919600
   0.0004008700   -0.0000048700    0.0002028100
   0.0003572600    0.0004000100    0.0004590600
  -0.0019526800   -0.0000292500    0.0021175100
   0.0110522800   -0.0035512300   -0.0079186600
  -0.0008020500   -0.0000183900    0.0012999000
  -0.0009691900    0.0004249600    0.0017619400
