240  
5    

1    
  0.0034403771655357   0.0000000000000004   0.0093895582941297
  -0.0700779900    0.0000792700   -0.1662424000
   0.0054636600    0.0006753000   -0.0080653700
   0.0001008000   -0.0018855600   -0.0086679400
   0.0010013900    0.0012162900   -0.0082875200
  -0.0000000600    0.0000024500    0.0051032200
   0.0000048600    0.0000014100    0.0050932200
   0.0000021800    0.0000027600    0.0050930900
  -0.0000002400    0.0000030500    0.0050925100
  -0.0020123800   -0.0000007500    0.0068026900
   0.0019851300   -0.0002194500   -0.0019023300
  -0.0000388600   -0.0002286400   -0.0021352600
  -0.0001459100    0.0004428900   -0.0022239100
  -0.0000277100   -0.0000014800   -0.0006353900
   0.0000325400   -0.0000023300   -0.0007546600
   0.0000053400   -0.0000129700   -0.0007558800
  -0.0000129600    0.0000110500   -0.0007595500
  -0.0092366300    0.0003026100    0.0478152700
   0.0033985900    0.0001839700   -0.0057154700
  -0.0003182600   -0.0004078900   -0.0052238200
   0.0000554800    0.0001319100   -0.0050869100
  -0.0000080900    0.0000038100   -0.0007045700
   0.0000043500    0.0000024500   -0.0007365800
   0.0000066500   -0.0000059900   -0.0007399400
   0.0000039700    0.0000154100   -0.0007403300
  -0.0002230400    0.0000199900    0.0057103700
   0.0000998200   -0.0000554900    0.0049452800
   0.0000721600   -0.0002107900    0.0048716500
   0.0000687600    0.0002343600    0.0048645300
  -0.0002210400    0.0000193500    0.0057059500
   0.0000754500   -0.0000012400    0.0049380400
   0.0001111200   -0.0002560900    0.0048803000
   0.0000525100    0.0002261200    0.0048655400
   0.0023435000    0.0014852200    0.0066335700
  -0.0015770800    0.0012610900    0.0048434200
   0.0003883000   -0.0000102600    0.0036771800
  -0.0011949500   -0.0028045000    0.0056681700
  -0.0000700200   -0.0000513600    0.0051460500
   0.0000855200   -0.0000439800    0.0052019800
   0.0000160200   -0.0000079500    0.0050986200
  -0.0000315700    0.0001064300    0.0051635500
   0.0000965000    0.0000624100   -0.0006482700
  -0.0000784300    0.0000682200   -0.0007232700
   0.0000260600   -0.0000012100   -0.0007940500
  -0.0000567500   -0.0001346300   -0.0006985900
  -0.0014818700   -0.0009102400   -0.0008099000
   0.0019170600   -0.0012223400    0.0004852700
   0.0002297500   -0.0000003400   -0.0022295100
  -0.0006040300    0.0021257600   -0.0002656100
   0.0148356100    0.0164296400    0.0029456900
  -0.0096157600    0.0009598200   -0.0060288500
   0.0012777800   -0.0006878400   -0.0054610300
  -0.0016801500   -0.0124732100   -0.0032377400
  -0.0000123100    0.0000005900   -0.0007265300
   0.0000088000   -0.0000056200   -0.0007185200
   0.0000019200    0.0000036600   -0.0007335300
  -0.0000004400    0.0000158300   -0.0007237700
  -0.0110584600   -0.0009068100    0.0026910800
   0.0125992600   -0.0151418600    0.0094581700
   0.0007163200    0.0004125700    0.0000517100
   0.0015775400    0.0117281800    0.0049859800
   0.0000094600    0.0000051800    0.0051644200
  -0.0000139800    0.0000020600    0.0051548300
   0.0000014800   -0.0000062600    0.0051444200
  -0.0000084200   -0.0000173600    0.0051580200
  -0.0008549100   -0.0030427500    0.0054785000
   0.0003896000    0.0000109200    0.0036140000
  -0.0019862900    0.0011567200    0.0049335400
   0.0024172100    0.0019459400    0.0065224800
  -0.0000326600    0.0000924900    0.0050979300
   0.0000186600    0.0000094400    0.0050318000
   0.0000836700   -0.0000430900    0.0051374100
  -0.0000591000   -0.0000562100    0.0050762200
   0.0018407300   -0.0099903300   -0.0266950700
   0.0008663600    0.0000006400   -0.0131401100
  -0.0018468600   -0.0108407400   -0.0340062400
   0.0160585000    0.0207530700   -0.0275037600
  -0.0000022900   -0.0000005200   -0.0007858300
  -0.0000010200   -0.0000034100   -0.0007912500
   0.0000006100   -0.0000047000   -0.0007849400
  -0.0000030700   -0.0000043000   -0.0007861700
  -0.0001372200    0.0006393900   -0.0006492100
   0.0001316400    0.0001444300   -0.0011683500
   0.0005852300   -0.0004658700   -0.0004301300
  -0.0005893600   -0.0002872100   -0.0008609100
  -0.0001157400   -0.0003536800   -0.0006928300
   0.0000833500   -0.0000486400   -0.0010282700
  -0.0003062700    0.0001659100   -0.0008220400
   0.0003302700    0.0002311000   -0.0005890600
  -0.0008264900    0.0095502200    0.0040133600
   0.0007223100    0.0004138400   -0.0000373700
   0.0111086700   -0.0120239400    0.0106998200
  -0.0070835900   -0.0018561500    0.0021490200
  -0.0000013000   -0.0000178000    0.0050839700
   0.0000042300   -0.0000068100    0.0050688300
  -0.0000142900   -0.0000012200    0.0050790100
   0.0000116600    0.0000082300    0.0050875600
   0.0076237000    0.0030572500    0.0187806100
  -0.0059214100    0.0016164600    0.0047705500
   0.0008612400   -0.0007202700    0.0049552500
  -0.0028121400   -0.0049349000    0.0057944700
  -0.0001439200   -0.0007928400   -0.0014635700
  -0.0001463400   -0.0007894600   -0.0014544300
  -0.0001488200   -0.0007879600   -0.0014552400
  -0.0001429000   -0.0007854100   -0.0014548100
   0.0001903300   -0.0004004400   -0.0016491200
   0.0006883300    0.0006146300   -0.0009071400
   0.0001202400    0.0009525700   -0.0011246400
   0.0013625200    0.0008307900   -0.0021652200
   0.0006656700    0.0006220800   -0.0014043300
   0.0005373900    0.0005587500   -0.0014155100
   0.0005945100    0.0004920900   -0.0013955400
   0.0006469900    0.0004280600   -0.0016062100
   0.0010414000   -0.0015233300    0.0085996700
   0.0018147800   -0.0003805000    0.0150269600
   0.0006500700    0.0012147800    0.0045771900
   0.0009020500   -0.0027189100    0.0047069200
   0.0007437200    0.0002687700   -0.0014577600
   0.0007519500    0.0002693500   -0.0014605700
   0.0007496300    0.0002649400   -0.0014543600
   0.0007503400    0.0002713800   -0.0014565000
  -0.0010462600    0.0005271600   -0.0026111500
  -0.0001902700    0.0001978300   -0.0011880500
  -0.0008587100    0.0000561000   -0.0009302200
  -0.0008021800    0.0002379100   -0.0009642600
  -0.0006610700    0.0002800700   -0.0015359000
  -0.0008913100    0.0002642700   -0.0014706200
  -0.0007200100    0.0003489700   -0.0014429200
  -0.0007301400    0.0001849900   -0.0013794200
  -0.0008611200    0.0060658200    0.0061897300
   0.0022752100    0.0017234100    0.0047728600
   0.0107240000   -0.0013099900    0.0205651700
  -0.0045977300   -0.0010215800    0.0040620600
  -0.0006048800    0.0005118800   -0.0014536300
  -0.0006087000    0.0005128200   -0.0014552400
  -0.0006073700    0.0005161700   -0.0014607900
  -0.0006072600    0.0005163800   -0.0014530500
   0.0006493500   -0.0012029000   -0.0020046200
  -0.0002958100   -0.0011746000   -0.0014780600
  -0.0002637500    0.0001040900   -0.0015829400
   0.0004260300   -0.0007680700   -0.0007884800
   0.0001266300   -0.0007312400   -0.0015913400
   0.0001451400   -0.0007423000   -0.0013852900
   0.0002187100   -0.0008563700   -0.0013912700
   0.0000860400   -0.0008127300   -0.0014523400
  -0.0019342300   -0.0022122300    0.0011589900
   0.0005042400   -0.0022804400    0.0001670900
  -0.0010166700   -0.0006816200    0.0014959700
   0.0007205100    0.0040832500   -0.0043032200
  -0.0002695000   -0.0009692600   -0.0009546200
  -0.0002841100   -0.0009530900   -0.0009729900
  -0.0002838800   -0.0009763200   -0.0009627900
  -0.0002538800   -0.0009915900   -0.0009952400
   0.0040684200    0.0008733700   -0.0032386900
  -0.0034323800    0.0007466500   -0.0028018400
   0.0004134000    0.0018335100    0.0012084900
   0.0002487600   -0.0003670400    0.0009884700
   0.0006979500    0.0007130100   -0.0010078700
   0.0007375200    0.0007229100   -0.0009780600
   0.0007036900    0.0007199300   -0.0009598700
   0.0007043600    0.0007280100   -0.0009532100
  -0.0000681700   -0.0037811300   -0.0042291900
   0.0012903500   -0.0004757800    0.0017198100
   0.0000554900    0.0007723700    0.0006623900
   0.0022237600    0.0011838800    0.0007573700
   0.0010002200    0.0002723300   -0.0009956500
   0.0009700100    0.0002612100   -0.0009694600
   0.0009822300    0.0002542900   -0.0009634800
   0.0009762000    0.0002301200   -0.0009724900
  -0.0006017100   -0.0001135800    0.0014105200
  -0.0014600600    0.0046885500   -0.0059604100
  -0.0017513600   -0.0007334800    0.0010161900
   0.0004804100   -0.0019790600   -0.0005700100
  -0.0009944000    0.0002375500   -0.0009677600
  -0.0009587000    0.0002360600   -0.0009928000
  -0.0009743300    0.0002465700   -0.0009570700
  -0.0009908200    0.0002872200   -0.0009955800
  -0.0050704800    0.0002997200   -0.0034827900
   0.0033001600    0.0003462500   -0.0012290400
  -0.0003552500   -0.0000237600    0.0011325700
  -0.0002866100    0.0025697800    0.0013669600
  -0.0006898600    0.0007255100   -0.0009673600
  -0.0007316500    0.0007220400   -0.0010074100
  -0.0007082700    0.0007227800   -0.0009683800
  -0.0007096100    0.0007214400   -0.0009609900
   0.0017629700    0.0012080200   -0.0006787700
  -0.0004592800    0.0003695000    0.0008332700
   0.0005781400   -0.0008999000    0.0013167300
   0.0002088500   -0.0053071700   -0.0049536700
   0.0002506600   -0.0010043500   -0.0009915500
   0.0002771100   -0.0009751900   -0.0009573200
   0.0002515600   -0.0009614200   -0.0009725800
   0.0002836700   -0.0009538500   -0.0009925400
  -0.0002278600   -0.0010861200   -0.0018674600
  -0.0002391600   -0.0009075400   -0.0018361200
  -0.0004094300   -0.0009714600   -0.0019749400
  -0.0000792400   -0.0009943300   -0.0020823400
  -0.0003846200   -0.0006739200   -0.0014620500
  -0.0004136600   -0.0010867500   -0.0015710300
   0.0003133400   -0.0010115600   -0.0019172800
  -0.0005081700   -0.0012120900   -0.0027301800
   0.0016030900    0.0095299200    0.0268697000
  -0.0045819100   -0.0013200700    0.0042696900
  -0.0009223400    0.0084035700    0.0069605600
   0.0022223400    0.0022712700    0.0039495700
   0.0007331600    0.0007088200   -0.0019399700
   0.0007310600    0.0007087900   -0.0019317200
   0.0007335400    0.0007036100   -0.0019364900
   0.0007306300    0.0007066200   -0.0019325900
   0.0010583700    0.0001452100   -0.0018701100
   0.0009167500    0.0002181200   -0.0018785700
   0.0009552100    0.0004562400   -0.0021597200
   0.0009790700    0.0003070800   -0.0018317600
   0.0006745100    0.0011276500   -0.0023798300
   0.0011690800    0.0001714800   -0.0014629900
   0.0014842600    0.0000223300   -0.0023340900
   0.0005879300   -0.0001638500   -0.0016299800
  -0.0022372900   -0.0060479700    0.0069333500
   0.0003026000   -0.0009946000    0.0042094500
  -0.0083600800    0.0027761500    0.0035534900
   0.0036565500   -0.0094679900    0.0271647900
  -0.0009731600    0.0002805500   -0.0019311500
  -0.0009780300    0.0002796100   -0.0019293900
  -0.0009758900    0.0002781800   -0.0019281500
  -0.0009754400    0.0002775400   -0.0019353900
  -0.0007535800    0.0005474600   -0.0021229100
  -0.0007538700    0.0006842800   -0.0018683200
  -0.0008061200    0.0007634900   -0.0018901400
  -0.0006265200    0.0008370000   -0.0018665800
  -0.0003581400    0.0010590800   -0.0023803600
  -0.0010416500    0.0010831600   -0.0017637900
  -0.0003692100    0.0007260600   -0.0013930800
  -0.0011545800    0.0000147500   -0.0022321300
   0.0012610200   -0.0030889700    0.0038205800
   0.0012173000    0.0005196500    0.0041006700
   0.0332514200    0.0007383500    0.0360887800
   0.0018234900   -0.0011536700    0.0083683200
   0.0002439200   -0.0009876700   -0.0019284700
   0.0002457200   -0.0009916200   -0.0019276800
   0.0002459600   -0.0009896500   -0.0019339100
   0.0002398700   -0.0009894500   -0.0019339600

1    
 -0.0034403771655357  -0.0000000000000004  -0.0093895582941297
   0.0687415500    0.0000758600    0.1743080700
  -0.0054656100   -0.0006745800    0.0138990500
  -0.0000893000    0.0018817500    0.0144970600
  -0.0009935200   -0.0012008000    0.0141184000
   0.0000041900    0.0000023200    0.0007273800
  -0.0000017200    0.0000025500    0.0007376800
   0.0000018600    0.0000029300    0.0007382400
   0.0000029500    0.0000019600    0.0007386500
   0.0019819900   -0.0000009100   -0.0125244900
  -0.0019845100    0.0002157400   -0.0039242800
   0.0000440100    0.0002152900   -0.0036933000
   0.0001466200   -0.0004358100   -0.0036049600
   0.0000272800   -0.0000014700   -0.0051792700
  -0.0000348800   -0.0000011700   -0.0050593100
  -0.0000064700    0.0000110200   -0.0050584200
   0.0000111700   -0.0000143200   -0.0050553000
   0.0094115700   -0.0002993300   -0.0544948600
  -0.0033977300   -0.0001770900   -0.0001164000
   0.0003146300    0.0004274800   -0.0006058200
  -0.0000573100   -0.0001327300   -0.0007426400
   0.0000125400    0.0000040300   -0.0051166100
  -0.0000010100    0.0000045800   -0.0050843000
  -0.0000024200    0.0000148400   -0.0050811000
  -0.0000011600   -0.0000080100   -0.0050801300
   0.0002185500   -0.0000240900    0.0001166100
  -0.0001031600    0.0000503400    0.0008737500
  -0.0000730200    0.0002030300    0.0009479300
  -0.0000713800   -0.0002368900    0.0009560900
   0.0002206000   -0.0000247800    0.0001167100
  -0.0000799700   -0.0000040900    0.0008875600
  -0.0001149700    0.0002538700    0.0009439800
  -0.0000555200   -0.0002329900    0.0009590000
  -0.0023100900   -0.0014834200   -0.0006807400
   0.0015716500   -0.0012434100    0.0010909600
  -0.0003871100    0.0000116500    0.0022539600
   0.0011742300    0.0027789500    0.0002810000
   0.0000713400    0.0000521300    0.0007974600
  -0.0000860500    0.0000456000    0.0007408400
  -0.0000169200    0.0000105500    0.0008444600
   0.0000330100   -0.0001051900    0.0007790900
  -0.0001031200   -0.0000650500   -0.0051447100
   0.0000717300   -0.0000707800   -0.0050710200
  -0.0000331400   -0.0000007700   -0.0050004700
   0.0000503200    0.0001323300   -0.0050948000
   0.0014761200    0.0009089500   -0.0049815700
  -0.0019373500    0.0012182100   -0.0062857300
  -0.0002387000    0.0000001600   -0.0035655100
   0.0006082700   -0.0021351200   -0.0055309800
  -0.0147011200   -0.0163839500   -0.0087754800
   0.0096624100   -0.0009464400    0.0001350700
  -0.0012763000    0.0006920800   -0.0003825600
   0.0016160900    0.0124423200   -0.0026560300
   0.0000116200    0.0000066900   -0.0050841500
  -0.0000101400    0.0000127000   -0.0050916700
  -0.0000026500    0.0000041800   -0.0050772800
  -0.0000000000   -0.0000088500   -0.0050868700
   0.0110290300    0.0008972300    0.0032645700
  -0.0126900900    0.0151682800   -0.0035787500
  -0.0007254300   -0.0004225100    0.0058951300
  -0.0015444500   -0.0117524400    0.0009636500
  -0.0000150300   -0.0000135100    0.0007853500
   0.0000078300   -0.0000111200    0.0007946400
  -0.0000070700   -0.0000014600    0.0008056900
   0.0000025100    0.0000097400    0.0007914500
   0.0008729800    0.0030531500    0.0003293100
  -0.0003852100   -0.0000111600    0.0021933900
   0.0019906500   -0.0011593200    0.0008805800
  -0.0024232700   -0.0019432400   -0.0007194300
   0.0000384900   -0.0000908900    0.0007094600
  -0.0000135400   -0.0000088300    0.0007754000
  -0.0000772600    0.0000445100    0.0006706400
   0.0000643000    0.0000574300    0.0007318000
  -0.0018360200    0.0098488300    0.0208323500
  -0.0008677700    0.0000004200    0.0072051700
   0.0017182100    0.0108991300    0.0280417000
  -0.0160930400   -0.0208261200    0.0217049700
   0.0000009700   -0.0000052900   -0.0051485300
  -0.0000026100   -0.0000035400   -0.0051432600
  -0.0000024800   -0.0000014500   -0.0051492800
  -0.0000006400   -0.0000026600   -0.0051479100
   0.0001373600   -0.0006308800   -0.0052837900
  -0.0001277900   -0.0001410600   -0.0047694900
  -0.0005760700    0.0004670800   -0.0055006500
   0.0005873700    0.0002891100   -0.0050741200
   0.0001196200    0.0003585600   -0.0052406100
  -0.0000806300    0.0000509200   -0.0049026700
   0.0003108900   -0.0001622600   -0.0051092800
  -0.0003299600   -0.0002273100   -0.0053436300
   0.0007674700   -0.0095144100    0.0017199300
  -0.0007184600   -0.0004221000    0.0058070500
  -0.0109928200    0.0119954600   -0.0049171500
   0.0070997900    0.0018247800    0.0035761700
   0.0000019200    0.0000097000    0.0007147200
  -0.0000043700   -0.0000020300    0.0007302900
   0.0000154000   -0.0000078900    0.0007201400
  -0.0000128400   -0.0000174600    0.0007107200
  -0.0081770900   -0.0040424400   -0.0192400400
   0.0051786200   -0.0029314900   -0.0047701600
  -0.0016145600   -0.0005959800   -0.0049550000
   0.0020518100    0.0036382100   -0.0058101200
  -0.0006139100   -0.0005202200    0.0014589000
  -0.0006091700   -0.0005214000    0.0014493800
  -0.0006087400   -0.0005261500    0.0014491400
  -0.0006121000   -0.0005266200    0.0014481200
   0.0005647400    0.0017038400    0.0016432800
   0.0000665700    0.0007003700    0.0009131500
   0.0006357200    0.0003604600    0.0011275800
  -0.0005975200    0.0004810200    0.0021577600
   0.0000937800    0.0006927000    0.0014015500
   0.0002229600    0.0007553600    0.0014138000
   0.0001662700    0.0008218900    0.0013913400
   0.0001108000    0.0008851200    0.0016033300
   0.0004625100    0.0015267000   -0.0085939700
  -0.0019411900    0.0004485200   -0.0165955100
   0.0008546700   -0.0012074900   -0.0045823500
   0.0005983000    0.0027124200   -0.0047057200
   0.0007567000   -0.0002671400    0.0014520500
   0.0007492400   -0.0002677400    0.0014554000
   0.0007504400   -0.0002633900    0.0014470300
   0.0007511200   -0.0002702700    0.0014496600
  -0.0004569700   -0.0005233500    0.0025963900
  -0.0013061700   -0.0001977600    0.0011860400
  -0.0006404400   -0.0000538600    0.0009315400
  -0.0006953600   -0.0002371700    0.0009666600
  -0.0008428300   -0.0002770300    0.0015298600
  -0.0006067600   -0.0002627400    0.0014645300
  -0.0007812500   -0.0003496100    0.0014388200
  -0.0007725100   -0.0001808500    0.0013741400
   0.0001071900   -0.0047900700   -0.0062025700
  -0.0030257800   -0.0004216700   -0.0047707200
  -0.0113342100    0.0022311400   -0.0210527400
   0.0038610100    0.0023227900   -0.0040601200
  -0.0001478300    0.0007871200    0.0014499800
  -0.0001417500    0.0007862800    0.0014516700
  -0.0001450700    0.0007826100    0.0014586900
  -0.0001434300    0.0007826900    0.0014503200
   0.0001075600   -0.0000974100    0.0020008200
   0.0010459000   -0.0001216400    0.0014822700
   0.0010082100   -0.0013934400    0.0015770900
   0.0003269900   -0.0005287000    0.0007937500
   0.0006247700   -0.0005684800    0.0015892200
   0.0006065000   -0.0005557300    0.0013816100
   0.0005304200   -0.0004436600    0.0013890500
   0.0006688200   -0.0004862800    0.0014513000
   0.0009128200    0.0005277400   -0.0001800600
  -0.0015220500    0.0006089300    0.0008404300
   0.0000056600   -0.0009913300   -0.0005149500
  -0.0017233000   -0.0057051000    0.0052445400
  -0.0007407100   -0.0007089000    0.0019202500
  -0.0007252300   -0.0007266200    0.0019378800
  -0.0007247000   -0.0007013700    0.0019288500
  -0.0007578500   -0.0006864800    0.0019612100
  -0.0031144300    0.0008352700    0.0041934200
   0.0043833200    0.0009653200    0.0037455900
   0.0005476000   -0.0001271000   -0.0002496000
   0.0007054600    0.0020800900   -0.0000284400
   0.0002613300    0.0010003300    0.0019675500
   0.0002227300    0.0009905600    0.0019369500
   0.0002538100    0.0009917500    0.0019204800
   0.0002552700    0.0009841100    0.0019125000
   0.0020138000    0.0037107200    0.0051629600
   0.0006729000    0.0004434700   -0.0007483100
   0.0018993500   -0.0007948500    0.0003097100
  -0.0002535700   -0.0012189700    0.0002411600
   0.0009641900   -0.0002987400    0.0019532500
   0.0009960500   -0.0002873300    0.0019269800
   0.0009828300   -0.0002814500    0.0019207900
   0.0009899700   -0.0002568700    0.0019321700
  -0.0013589800    0.0000844900   -0.0004569200
  -0.0004988900   -0.0047384100    0.0069414400
  -0.0002067600    0.0006999100   -0.0000619600
  -0.0024380400    0.0019367400    0.0015012200
  -0.0009675200   -0.0002680100    0.0019188600
  -0.0010049300   -0.0002670600    0.0019449100
  -0.0009867600   -0.0002788600    0.0019086600
  -0.0009717800   -0.0003217000    0.0019486700
   0.0041084500    0.0014191400    0.0044749900
  -0.0042221000    0.0013601700    0.0022022800
  -0.0005956400    0.0017318600   -0.0001597200
  -0.0006658800   -0.0008425100   -0.0003945800
  -0.0002672800    0.0009903300    0.0019234100
  -0.0002237500    0.0009928100    0.0019651400
  -0.0002472400    0.0009905000    0.0019255700
  -0.0002478400    0.0009928800    0.0019170700
  -0.0007612600   -0.0028767700    0.0016140900
   0.0014602200   -0.0020533100    0.0001193900
   0.0004214400   -0.0007833300   -0.0003637300
   0.0007730300    0.0036507300    0.0059251100
   0.0007472800   -0.0006775300    0.0019433500
   0.0007203700   -0.0007057200    0.0019089000
   0.0007462000   -0.0007216500    0.0019241900
   0.0007128800   -0.0007294300    0.0019446000
  -0.0007200900   -0.0006301700    0.0008981300
  -0.0007112000   -0.0008083600    0.0008675200
  -0.0005401100   -0.0007438800    0.0010043800
  -0.0008707100   -0.0007222600    0.0011117300
  -0.0005639500   -0.0010431200    0.0004892500
  -0.0005356200   -0.0006309300    0.0005959100
  -0.0012637600   -0.0007042600    0.0009438000
  -0.0004371000   -0.0005016900    0.0017584300
  -0.0007262500   -0.0077048100   -0.0278485300
   0.0055822300    0.0030082900   -0.0052210400
   0.0019245700   -0.0066986100   -0.0078940100
  -0.0012452500   -0.0006027200   -0.0049058600
   0.0002680500    0.0009747500    0.0009778700
   0.0002709800    0.0009763600    0.0009699400
   0.0002673000    0.0009797100    0.0009738600
   0.0002717700    0.0009778800    0.0009704600
   0.0009030300   -0.0001170100    0.0009107400
   0.0010466700   -0.0001875200    0.0009172200
   0.0010072100   -0.0004264700    0.0011959600
   0.0009845100   -0.0002769000    0.0008704800
   0.0012903800   -0.0011011500    0.0014198000
   0.0007948900   -0.0001378500    0.0004970800
   0.0004745200    0.0000082000    0.0013689400
   0.0013791200    0.0001921600    0.0006636900
   0.0003053300    0.0060551400   -0.0078619200
  -0.0022720000    0.0010231700   -0.0051542900
   0.0064221200   -0.0027699700   -0.0044989700
  -0.0056629300    0.0094465000   -0.0281754200
  -0.0009813300   -0.0002597700    0.0009787300
  -0.0009758100   -0.0002573700    0.0009752100
  -0.0009784600   -0.0002557600    0.0009741500
  -0.0009777300   -0.0002542000    0.0009809300
  -0.0002517200    0.0011402500    0.0011590300
  -0.0002516800    0.0010046100    0.0009074200
  -0.0002006600    0.0009247000    0.0009274800
  -0.0003788400    0.0008513800    0.0009033400
  -0.0006533600    0.0006305400    0.0014153500
   0.0000367300    0.0006079900    0.0007968900
  -0.0006379500    0.0009598100    0.0004257000
   0.0001488400    0.0016744100    0.0012674000
  -0.0003070900    0.0014109800   -0.0047658200
  -0.0002626000   -0.0022506200   -0.0050446300
  -0.0296205300   -0.0026044500   -0.0358441600
  -0.0008938700   -0.0005559200   -0.0093315300
   0.0007080200   -0.0007274200    0.0009744800
   0.0007086500   -0.0007222100    0.0009744500
   0.0007058500   -0.0007235800    0.0009799400
   0.0007144700   -0.0007230800    0.0009800600

97   
  0.0100000000000000   0.0000000000000012   0.0000000000000000
   0.0203396800   -0.0046686800    0.0040064500
  -0.0062240400    0.0002957800   -0.0007397000
  -0.0021166800    0.0041258100    0.0049945200
   0.0010464300   -0.0050264600   -0.0000705200
   0.0000080100    0.0000003000    0.0031606200
  -0.0000046700    0.0000036400    0.0031622200
   0.0000003600    0.0000054100    0.0031577400
   0.0000031300   -0.0000011900    0.0031627100
   0.0009805400   -0.0004374300   -0.0022215900
  -0.0006740500   -0.0000413900   -0.0029353800
  -0.0003919900    0.0009362000   -0.0024340900
   0.0000628700   -0.0003748400   -0.0031279700
   0.0001398200   -0.0000040000   -0.0026750300
  -0.0001413000   -0.0000024200   -0.0026295300
  -0.0000292600    0.0000785700   -0.0027309600
   0.0000138900   -0.0000731300   -0.0026098500
   0.0227662700   -0.0006386800   -0.0064686700
  -0.0065835700    0.0005505300   -0.0008042500
  -0.0016618800    0.0041372600   -0.0063378100
   0.0003545300   -0.0061719500   -0.0022668100
   0.0000076700   -0.0000001700   -0.0026610100
  -0.0000043600    0.0000039100   -0.0026651800
   0.0000004900    0.0000079400   -0.0026607300
   0.0000035500    0.0000027200   -0.0026657800
   0.0001148600   -0.0000795200    0.0032200400
  -0.0001264400    0.0000057800    0.0031116000
  -0.0000162500    0.0001104400    0.0032161100
   0.0000163200   -0.0000305400    0.0030841100
   0.0011487000   -0.0000545300    0.0030413600
  -0.0009414300   -0.0000259000    0.0032796300
  -0.0002858400    0.0006321600    0.0027520500
  -0.0000056900   -0.0006201900    0.0035855700
   0.0004222300   -0.0000214300    0.0027784900
  -0.0005699500   -0.0001258400    0.0040166200
   0.0000174300    0.0000396600    0.0030281400
   0.0000980200   -0.0000163800    0.0030289700
   0.0000139900   -0.0000217500    0.0033848500
  -0.0000122300   -0.0000110700    0.0030416900
  -0.0000007300    0.0000939500    0.0032192000
   0.0000163800   -0.0000549400    0.0032241300
   0.0000211600   -0.0000049500   -0.0026717400
  -0.0000223500   -0.0000054100   -0.0026138500
  -0.0000053600    0.0000027800   -0.0026549400
  -0.0000075400    0.0000010900   -0.0026546600
  -0.0011244500   -0.0005041500    0.0013416800
  -0.0029026000    0.0000391400   -0.0059982200
   0.0000833300    0.0004128300   -0.0029993800
   0.0003686900   -0.0004976100   -0.0032795700
   0.0001401100   -0.0002234900   -0.0068672100
  -0.0055937500   -0.0001627300   -0.0000652400
   0.0000654300    0.0010263500   -0.0030108300
   0.0005868900   -0.0012079800   -0.0028905000
   0.0000062700    0.0000002800   -0.0026333500
  -0.0000074700    0.0000008400   -0.0026838500
  -0.0000003600    0.0000074200   -0.0026604100
  -0.0000012800    0.0000034100   -0.0026603500
   0.0503907500    0.0018647800   -0.0138079400
  -0.0100870900    0.0022992200   -0.0021590200
   0.0005570500    0.0007405400    0.0023859500
  -0.0001207800   -0.0015634600    0.0020871100
  -0.0000006300   -0.0000056300    0.0032184600
  -0.0000057000   -0.0000043000    0.0032242900
  -0.0000020000   -0.0000031400    0.0032196900
  -0.0000030700   -0.0000050800    0.0032202400
   0.0064068200    0.0021564000    0.0018481000
  -0.0027729000   -0.0007405600    0.0033766100
  -0.0011291100    0.0039524200    0.0043928700
  -0.0006996500   -0.0017096600    0.0016442100
   0.0000226600    0.0000097100    0.0031637400
  -0.0000196600   -0.0000018300    0.0031457200
   0.0000088800    0.0000096500    0.0031356400
  -0.0000024700   -0.0000189000    0.0031557500
   0.0290850900   -0.0108679700   -0.0122308200
  -0.0068707300   -0.0000950200   -0.0058825900
   0.0021451500    0.0070330000   -0.0052707900
  -0.0040623500   -0.0076157900    0.0003494700
   0.0000032000   -0.0000036300   -0.0027210000
  -0.0000060200   -0.0000055400   -0.0027191400
  -0.0000013400   -0.0000001700   -0.0027187900
  -0.0000023800   -0.0000065000   -0.0027221100
   0.0001785800    0.0000908900   -0.0026320900
  -0.0001906400   -0.0000284100   -0.0027674400
   0.0000353400    0.0000366100   -0.0028202400
  -0.0000316300   -0.0001146800   -0.0026546100
   0.0008196600   -0.0000526500   -0.0028238600
  -0.0006027600    0.0000008100   -0.0026130300
   0.0000353300    0.0004776500   -0.0022605700
  -0.0001911900   -0.0003963100   -0.0031800300
   0.0048922400    0.0034603700    0.0049985000
  -0.0016784500   -0.0002146200    0.0021924900
  -0.0002848600    0.0014848400    0.0014525900
  -0.0008453900   -0.0014156000    0.0036052500
   0.0000321900   -0.0000120300    0.0031368400
  -0.0000327400   -0.0000041500    0.0031470600
   0.0000060700    0.0000193000    0.0031632100
  -0.0000070300   -0.0000229000    0.0031294800
  -0.1819694000    0.0020815600    0.0489704000
   0.0046797500   -0.0003920100    0.0000160500
  -0.0007974400   -0.0035549300    0.0003407300
  -0.0004124600    0.0034196900    0.0006860200
  -0.0003541900   -0.0006694300   -0.0001670100
  -0.0003484700   -0.0006713800   -0.0001687100
  -0.0003509900   -0.0006715000   -0.0001667100
  -0.0003517200   -0.0006692500   -0.0001662700
   0.0002535700    0.0006243700   -0.0000272800
   0.0006878500    0.0005473700   -0.0004488400
   0.0004647500    0.0005847900   -0.0000418700
   0.0002698600    0.0008078700   -0.0002068200
   0.0003496000    0.0006804300   -0.0003013800
   0.0005178400    0.0006152100    0.0000025000
   0.0005723400    0.0004818200   -0.0003492500
   0.0001930800    0.0007625700   -0.0000094400
   0.0157480600   -0.0085126700    0.0005817700
   0.0304923600    0.0221691800   -0.0013922500
  -0.0029702400    0.0022674500    0.0004216300
   0.0045097800   -0.0009454500    0.0005460800
   0.0007493300    0.0000297800   -0.0001674100
   0.0007470100    0.0000321100   -0.0001687600
   0.0007466100    0.0000307000   -0.0001672700
   0.0007499900    0.0000296400   -0.0001668700
  -0.0009047300    0.0000630500   -0.0000645900
  -0.0005258800    0.0000989900   -0.0003123300
  -0.0008688400   -0.0001792200   -0.0002466900
  -0.0007082100    0.0000921700   -0.0000649700
  -0.0008906200    0.0000546900   -0.0003660200
  -0.0005773000    0.0000166600    0.0000109300
  -0.0008857000   -0.0001693400    0.0000147800
  -0.0006749700    0.0001839800   -0.0002658200
   0.0110238100   -0.0103357000    0.0005094700
   0.0111688300    0.0111464400    0.0014743400
  -0.0072297800   -0.0003587900    0.0004877700
   0.0048527100    0.0007484600    0.0008748200
  -0.0004005600    0.0006310900   -0.0001659100
  -0.0004021200    0.0006329200   -0.0001662500
  -0.0004023100    0.0006311900   -0.0001663600
  -0.0004000500    0.0006335700   -0.0001648700
   0.0001057300   -0.0006450500   -0.0004618500
   0.0005441300   -0.0006371200    0.0000555300
   0.0003847000   -0.0007237100   -0.0000714800
   0.0003729100   -0.0006181900   -0.0000989800
   0.0001056700   -0.0006294100   -0.0000683400
   0.0005446300   -0.0006560500   -0.0003071500
   0.0003741700   -0.0007902500   -0.0002162100
   0.0003835100   -0.0005708600   -0.0001258400
  -0.0005405300   -0.0007156300    0.0011912300
   0.0005340500   -0.0022693000   -0.0018312900
  -0.0000745400   -0.0005681600    0.0004260700
  -0.0012177300   -0.0011064300    0.0008535800
  -0.0004665200   -0.0008464500    0.0002826400
  -0.0004913200   -0.0008518200    0.0003615100
  -0.0004481300   -0.0008427000    0.0003121600
  -0.0005088000   -0.0008714200    0.0003238100
   0.0018698200   -0.0068246200   -0.0119281000
   0.0029327700    0.0014802200    0.0019411900
  -0.0008787100   -0.0004696600    0.0015090700
   0.0017311500    0.0024327900   -0.0000585700
   0.0004987100    0.0008412700    0.0003194000
   0.0005109100    0.0008392800    0.0003101500
   0.0005015600    0.0008317900    0.0003134900
   0.0005093500    0.0008417400    0.0003169600
  -0.0006793600   -0.0000114400    0.0002435800
   0.0019497900   -0.0000126600    0.0003345000
   0.0010141700   -0.0005574000    0.0006121500
   0.0009946300    0.0005384100    0.0002600900
   0.0009372800    0.0000278700    0.0002903900
   0.0010260600    0.0000122500    0.0003395300
   0.0009858200   -0.0000171200    0.0003245500
   0.0009799100    0.0000384700    0.0003114900
   0.0021266900    0.0004632900   -0.0015340300
   0.0045106000   -0.0018005100    0.0140062900
  -0.0008967200    0.0009256900    0.0005879100
  -0.0011333800   -0.0009472500    0.0011247800
  -0.0009745400    0.0000119500    0.0003180800
  -0.0009831000    0.0000163600    0.0003014300
  -0.0009805500    0.0000143900    0.0003129600
  -0.0009806900    0.0000115700    0.0003122500
  -0.0001789600    0.0009636400    0.0013333600
  -0.0001712400    0.0017186600   -0.0010829400
  -0.0010479400    0.0011153400    0.0007005400
  -0.0000705100    0.0006305700    0.0006219600
  -0.0005039000    0.0008326400    0.0002724900
  -0.0005041500    0.0008488900    0.0003484300
  -0.0005278400    0.0008571600    0.0003207300
  -0.0004841200    0.0008214600    0.0003215600
  -0.0002343400    0.0045409800   -0.0083527500
   0.0029569000   -0.0014145000    0.0019331200
   0.0016871400   -0.0024257700   -0.0000051500
  -0.0006742300    0.0011549700    0.0021138900
   0.0004653300   -0.0008568600    0.0003112000
   0.0004759600   -0.0008555900    0.0003073000
   0.0004746800   -0.0008573300    0.0003161900
   0.0004688500   -0.0008492000    0.0003106000
  -0.0004784900   -0.0008709200   -0.0006367400
  -0.0004161700   -0.0009023600   -0.0006721000
  -0.0004607800   -0.0008761000   -0.0006115200
  -0.0004353200   -0.0008451800   -0.0006856900
  -0.0011894800   -0.0003573600   -0.0010737400
  -0.0000429000   -0.0010476000   -0.0004618800
   0.0005620200   -0.0013256100   -0.0021524900
  -0.0005064300    0.0000347100    0.0007549700
   0.0089380000   -0.0027722200   -0.0199651200
   0.0022332400    0.0013036200    0.0013324700
   0.0003199100   -0.0000463900   -0.0005183900
   0.0007604300    0.0018407300   -0.0001300300
   0.0005168100    0.0008260500   -0.0006381600
   0.0005350400    0.0008252100   -0.0006517800
   0.0005260500    0.0008236600   -0.0006433100
   0.0005256900    0.0008260600   -0.0006448600
   0.0009727700    0.0000319600   -0.0006930300
   0.0009836300    0.0000441900   -0.0006066300
   0.0009578900    0.0000404200   -0.0006374900
   0.0010019500    0.0000667400   -0.0006469900
   0.0008356000   -0.0011042300    0.0010712700
   0.0017076000    0.0005015100   -0.0016875400
   0.0001838700   -0.0007288800   -0.0012558000
   0.0014587900    0.0002829600   -0.0004242900
  -0.0040491800    0.0031457900    0.0063500700
   0.0015928300   -0.0004804000   -0.0009101600
  -0.0000974800   -0.0015247500    0.0010475700
  -0.0017162600    0.0027156400   -0.0022782500
  -0.0009810200    0.0000452900   -0.0006469600
  -0.0009701100    0.0000384800   -0.0006336900
  -0.0009735200    0.0000357500   -0.0006426100
  -0.0009784900    0.0000441000   -0.0006385500
  -0.0005873400    0.0008238600   -0.0006706000
  -0.0004784200    0.0008331900   -0.0006501500
  -0.0005215800    0.0007999900   -0.0006364400
  -0.0005212500    0.0008516500   -0.0006305000
  -0.0022659400    0.0008962700   -0.0013882400
   0.0005336900    0.0008056800   -0.0002286400
  -0.0004629000    0.0002748500   -0.0005818300
  -0.0004623700    0.0013775800   -0.0003675100
  -0.0006978600   -0.0033141900   -0.0014877700
   0.0016674300    0.0004316100    0.0011530600
  -0.0002736100   -0.0053345600    0.0066776300
   0.0029385200   -0.0002311000   -0.0014569000
   0.0004476200   -0.0008747400   -0.0006372800
   0.0004525900   -0.0008670600   -0.0006422700
   0.0004440000   -0.0008752300   -0.0006485700
   0.0004540900   -0.0008691100   -0.0006340600

97   
 -0.0100000000000000  -0.0000000000000012   0.0000000000000000
  -0.0204877400    0.0043629900    0.0021417300
   0.0062082900   -0.0002868900    0.0065237400
   0.0021207300   -0.0041352600    0.0008084000
  -0.0010064100    0.0050179000    0.0058620700
  -0.0000054900    0.0000044700    0.0026664300
   0.0000078900    0.0000018900    0.0026651200
   0.0000025800   -0.0000005200    0.0026694200
   0.0000006600    0.0000062300    0.0026642600
  -0.0009853700    0.0004325400   -0.0035928500
   0.0006754600    0.0000380000   -0.0028843200
   0.0003880000   -0.0009383600   -0.0033842000
  -0.0000632500    0.0003737100   -0.0026887300
  -0.0001419100    0.0000008300   -0.0031419000
   0.0001394800   -0.0000004600   -0.0031874700
   0.0000269400   -0.0000818400   -0.0030863000
  -0.0000159200    0.0000702900   -0.0032067300
  -0.0227776700    0.0003792600    0.0003336400
   0.0065650300   -0.0005383700   -0.0049902500
   0.0016674000   -0.0041432400    0.0005264700
  -0.0003266200    0.0061512000   -0.0035443100
  -0.0000047200    0.0000078000   -0.0031600000
   0.0000078900    0.0000042300   -0.0031560200
   0.0000025800    0.0000000200   -0.0031603900
   0.0000001000    0.0000055500   -0.0031552400
  -0.0001188100    0.0000740200    0.0026012700
   0.0001225900   -0.0000114500    0.0027086200
   0.0000120500   -0.0001156800    0.0026047500
  -0.0000197700    0.0000259300    0.0027366300
  -0.0011530700    0.0000500400    0.0027784500
   0.0009392400    0.0000219900    0.0025428500
   0.0002816900   -0.0006372200    0.0030685400
   0.0000018000    0.0006139000    0.0022367000
  -0.0004202500    0.0000235500    0.0031617700
   0.0005666800    0.0001267700    0.0019197300
  -0.0000171300   -0.0000362900    0.0029086800
  -0.0000987800    0.0000157500    0.0029080300
  -0.0000142200    0.0000231200    0.0025534200
   0.0000118200    0.0000122400    0.0028959200
   0.0000004600   -0.0000922800    0.0027188000
  -0.0000168500    0.0000560200    0.0027139100
  -0.0000281500    0.0000023300   -0.0031211200
   0.0000154800    0.0000034900   -0.0031785800
  -0.0000014200   -0.0000059800   -0.0031380400
   0.0000002100   -0.0000039600   -0.0031386200
   0.0011247300    0.0005100300   -0.0071299100
   0.0028848900   -0.0000428400    0.0001987900
  -0.0000897300   -0.0004133200   -0.0027934900
  -0.0003790500    0.0004904300   -0.0025172900
  -0.0001118500    0.0002375800    0.0010451600
   0.0055671000    0.0001658600   -0.0057498800
  -0.0000665400   -0.0010121100   -0.0028065900
  -0.0005944700    0.0012056600   -0.0029233300
  -0.0000073100    0.0000068200   -0.0031797800
   0.0000060500    0.0000059000   -0.0031292500
  -0.0000012900   -0.0000002700   -0.0031524200
  -0.0000000700    0.0000034500   -0.0031527100
  -0.0467319500   -0.0015664900    0.0175892200
   0.0100816700   -0.0023132200    0.0081267800
  -0.0005738600   -0.0007231900    0.0035515100
   0.0000804200    0.0015115900    0.0038330900
  -0.0000058500   -0.0000028800    0.0027284200
  -0.0000008000   -0.0000030700    0.0027225100
  -0.0000040200   -0.0000054400    0.0027268300
  -0.0000034000   -0.0000034500    0.0027265600
  -0.0063942000   -0.0021460500    0.0039411600
   0.0027721900    0.0007334900    0.0024365300
   0.0011436100   -0.0039585000    0.0014069000
   0.0006988400    0.0017141100    0.0041645900
  -0.0000182400   -0.0000087100    0.0026421000
   0.0000246400    0.0000026100    0.0026599000
  -0.0000040400   -0.0000089700    0.0026704900
   0.0000074700    0.0000196600    0.0026499800
  -0.0290509900    0.0114161000    0.0065943400
   0.0068368100    0.0000811700   -0.0000833400
  -0.0020751300   -0.0070073200   -0.0006926000
   0.0040467000    0.0076204500   -0.0063132600
  -0.0000069700   -0.0000033000   -0.0032142100
   0.0000033800   -0.0000011400   -0.0032156300
  -0.0000021600   -0.0000061700   -0.0032165000
  -0.0000009100    0.0000002100   -0.0032130600
  -0.0001766300   -0.0000870600   -0.0032997300
   0.0001931900    0.0000321000   -0.0031651800
  -0.0000329600   -0.0000338000   -0.0031125100
   0.0000332300    0.0001177100   -0.0032782700
  -0.0008166700    0.0000564000   -0.0031079800
   0.0006043400    0.0000018400   -0.0033182200
  -0.0000331600   -0.0004741500   -0.0036728900
   0.0001926600    0.0003994300   -0.0027525800
  -0.0049017800   -0.0034590200    0.0008101400
   0.0016784900    0.0002034100    0.0035886000
   0.0002970200   -0.0015118500    0.0043529400
   0.0008402000    0.0014090700    0.0021816100
  -0.0000332000    0.0000028000    0.0026564700
   0.0000327700   -0.0000051400    0.0026456700
  -0.0000069000   -0.0000280600    0.0026302900
   0.0000064200    0.0000143400    0.0026640400
   0.1782316800   -0.0035558500   -0.0470001500
  -0.0054280200   -0.0009128400   -0.0000157700
   0.0000316900    0.0022451500   -0.0003388800
  -0.0003408500   -0.0047275300   -0.0006850400
  -0.0004022400   -0.0006416900    0.0001624100
  -0.0004087900   -0.0006414200    0.0001631000
  -0.0004052900   -0.0006394100    0.0001622300
  -0.0004053300   -0.0006424100    0.0001620300
   0.0005036800    0.0006870300    0.0000257500
   0.0000716200    0.0007664100    0.0004484200
   0.0002930500    0.0007295800    0.0000414800
   0.0004884200    0.0005059400    0.0002060100
   0.0004085500    0.0006324600    0.0002996500
   0.0002411000    0.0006990700   -0.0000038300
   0.0001857900    0.0008323200    0.0003488000
   0.0005651400    0.0005500300    0.0000087100
  -0.0140293000    0.0083613500   -0.0005840900
  -0.0294752900   -0.0225690100    0.0013923900
   0.0044391100   -0.0023251200   -0.0004151700
  -0.0030096700    0.0009739900   -0.0005494600
   0.0007500000   -0.0000288200    0.0001617900
   0.0007514300   -0.0000308900    0.0001628800
   0.0007521000   -0.0000298700    0.0001625300
   0.0007493000   -0.0000276900    0.0001613500
  -0.0005960900   -0.0000602400    0.0000601300
  -0.0009736100   -0.0000974400    0.0003098800
  -0.0006318000    0.0001802500    0.0002431800
  -0.0007916900   -0.0000914600    0.0000614600
  -0.0006094800   -0.0000531200    0.0003621500
  -0.0009232400   -0.0000149800   -0.0000140900
  -0.0006159900    0.0001710200   -0.0000182600
  -0.0008254900   -0.0001824400    0.0002622300
  -0.0119019900    0.0117730000   -0.0005068500
  -0.0117593200   -0.0096801100   -0.0014674000
   0.0064555800    0.0018578500   -0.0004617100
  -0.0056008700    0.0005246700   -0.0008723100
  -0.0003497700    0.0006672000    0.0001640700
  -0.0003497400    0.0006649300    0.0001639000
  -0.0003485100    0.0006666000    0.0001643500
  -0.0003517900    0.0006643500    0.0001626700
   0.0006452700   -0.0006530500    0.0004606700
   0.0002056900   -0.0006620600   -0.0000564600
   0.0003661000   -0.0005743800    0.0000717000
   0.0003772100   -0.0006803400    0.0000992900
   0.0006447000   -0.0006686100    0.0000677100
   0.0002060400   -0.0006432800    0.0003065100
   0.0003770200   -0.0005089800    0.0002158100
   0.0003663700   -0.0007271100    0.0001250900
  -0.0004774800   -0.0009630700   -0.0002210900
  -0.0015421500    0.0005912900    0.0028013800
  -0.0009369700   -0.0011106100    0.0005478300
   0.0002097100   -0.0005672200    0.0001139400
  -0.0005444600   -0.0008317200    0.0006876000
  -0.0005198800   -0.0008261200    0.0006092200
  -0.0005633400   -0.0008357900    0.0006575800
  -0.0005020900   -0.0008072000    0.0006460800
  -0.0009643000    0.0085057100    0.0128326500
  -0.0019694400    0.0002330200   -0.0009908700
   0.0018371000    0.0021815400   -0.0005462600
  -0.0007674600   -0.0007131000    0.0010125500
   0.0004600900    0.0008697900    0.0006398300
   0.0004472300    0.0008710900    0.0006493600
   0.0004570000    0.0008796400    0.0006459900
   0.0004490400    0.0008694600    0.0006426300
   0.0026462800   -0.0000159200    0.0007129500
   0.0000157200   -0.0000150000    0.0006335900
   0.0009489600    0.0005284400    0.0003515500
   0.0009695500   -0.0005651200    0.0007044400
   0.0010274400   -0.0000551600    0.0006720500
   0.0009392200   -0.0000398300    0.0006236200
   0.0009784700   -0.0000101500    0.0006378100
   0.0009843100   -0.0000657500    0.0006501800
  -0.0040877000   -0.0004940300    0.0024672000
  -0.0064700400    0.0017705400   -0.0131257000
  -0.0010662500   -0.0009601000    0.0003675000
  -0.0008313500    0.0009206000   -0.0001609500
  -0.0009877100   -0.0000448800    0.0006340700
  -0.0009786700   -0.0000491700    0.0006501500
  -0.0009816000   -0.0000465100    0.0006393300
  -0.0009812900   -0.0000431300    0.0006394000
  -0.0007866900    0.0007502500   -0.0003773900
  -0.0007802700   -0.0000021900    0.0020455700
   0.0000927000    0.0005946400    0.0002588800
  -0.0008838400    0.0010857400    0.0003425000
  -0.0004521500    0.0008820100    0.0006890100
  -0.0004522500    0.0008656700    0.0006123400
  -0.0004288200    0.0008574200    0.0006398700
  -0.0004720200    0.0008938400    0.0006400100
   0.0011939500   -0.0061923100    0.0092512500
  -0.0019586800   -0.0002655000   -0.0009855600
  -0.0006937600    0.0007361600    0.0009480200
   0.0016837300   -0.0028328800   -0.0011517300
   0.0005308700   -0.0008239300    0.0006407400
   0.0005201100   -0.0008254200    0.0006446100
   0.0005213900   -0.0008228900    0.0006357700
   0.0005278100   -0.0008318500    0.0006408900
  -0.0004709000   -0.0008454200   -0.0003351700
  -0.0005327900   -0.0008127000   -0.0002994100
  -0.0004891300   -0.0008394600   -0.0003597500
  -0.0005138000   -0.0008701000   -0.0002855600
   0.0002383600   -0.0013565500    0.0000999800
  -0.0009049000   -0.0006666600   -0.0005095400
  -0.0015143800   -0.0003915900    0.0011829000
  -0.0004422700   -0.0017515400   -0.0017263000
  -0.0078999100    0.0044718900    0.0191390700
  -0.0012392600    0.0003843000   -0.0022714300
   0.0006775200    0.0017438600   -0.0004442000
   0.0002379500   -0.0001646200   -0.0008239200
   0.0004839000    0.0008579000   -0.0003216000
   0.0004649500    0.0008584300   -0.0003075800
   0.0004747800    0.0008610900   -0.0003160800
   0.0004745500    0.0008583200   -0.0003147600
   0.0009906900   -0.0000018700   -0.0002708300
   0.0009779500   -0.0000144300   -0.0003562700
   0.0010050100   -0.0000098000   -0.0003254000
   0.0009597200   -0.0000362700   -0.0003162400
   0.0011258700    0.0011354700   -0.0020347500
   0.0002548900   -0.0004702200    0.0007218100
   0.0017776800    0.0007579200    0.0002939200
   0.0005041300   -0.0002523900   -0.0005398100
   0.0020404400   -0.0031379800   -0.0073046500
  -0.0035428900    0.0005028200   -0.0000323100
  -0.0018712900    0.0015409800   -0.0019808900
  -0.0002228100   -0.0026916100    0.0013314700
  -0.0009740900   -0.0000228700   -0.0003046000
  -0.0009835900   -0.0000160200   -0.0003172800
  -0.0009811400   -0.0000142900   -0.0003085400
  -0.0009757700   -0.0000226300   -0.0003124900
  -0.0004199300    0.0008641600   -0.0002942200
  -0.0005285500    0.0008536900   -0.0003147200
  -0.0004855100    0.0008879100   -0.0003275300
  -0.0004855900    0.0008360400   -0.0003338700
   0.0012580300    0.0007888900    0.0004231900
  -0.0015397500    0.0008825400   -0.0007388300
  -0.0005451900    0.0014127100   -0.0003827100
  -0.0005441900    0.0003121100   -0.0005959500
   0.0016595600    0.0015957600    0.0005420300
  -0.0007128500   -0.0021391900   -0.0020874500
   0.0011545500    0.0036427400   -0.0076583100
  -0.0019803200   -0.0014808000    0.0005217800
   0.0005062000   -0.0008387600   -0.0003138400
   0.0004999200   -0.0008456700   -0.0003089400
   0.0005088100   -0.0008386400   -0.0003029500
   0.0004986400   -0.0008457400   -0.0003170200

97   
  0.0000000000000000   0.0000000000000000   0.0100000000000000
   0.0010941900    0.0079923500    0.0230858500
   0.0000667400    0.0001117400    0.0079852000
   0.0012316600   -0.0008652600    0.0077549600
  -0.0030872900   -0.0040223600    0.0102571200
  -0.0000026500   -0.0000004000    0.0013581500
   0.0000049400    0.0000019700    0.0013650000
  -0.0000005500    0.0000006100    0.0013664400
   0.0000056800    0.0000078200    0.0013654600
   0.0002740200    0.0010093400   -0.0053164900
  -0.0005155400    0.0002338000   -0.0039214000
   0.0006067200   -0.0008673100   -0.0041021400
  -0.0005103700   -0.0006615500   -0.0044785800
  -0.0000837600   -0.0000974500   -0.0045890400
   0.0001007600   -0.0000197300   -0.0044321800
  -0.0000668100   -0.0000130400   -0.0043929900
   0.0000495900    0.0001285300   -0.0044231600
  -0.0068098300   -0.0058225700    0.0163986400
   0.0013719900   -0.0006241500    0.0018925200
  -0.0000639000   -0.0001000600    0.0021256200
   0.0019472700    0.0046924700    0.0043588300
   0.0000023200    0.0000094200   -0.0044672100
   0.0000023600    0.0000069500   -0.0044586200
   0.0000041200    0.0000017300   -0.0044603300
  -0.0000006100   -0.0000018200   -0.0044596900
   0.0000405200    0.0001182900    0.0012300100
  -0.0000244000    0.0000610500    0.0014271700
   0.0000655800   -0.0000810900    0.0013877800
  -0.0000889100   -0.0001110200    0.0013968000
  -0.0007352700   -0.0007427500    0.0005094400
   0.0010469200   -0.0000947700    0.0017169800
  -0.0004603100    0.0003243900    0.0018969200
   0.0003143300    0.0007658000    0.0013423800
  -0.0007171100   -0.0000776100    0.0008375200
   0.0007663800    0.0002535800    0.0011618900
   0.0000906100   -0.0005038100    0.0017800100
   0.0001024900    0.0004004300    0.0018912900
   0.0001205500    0.0000625800    0.0012250700
  -0.0001967700    0.0000098100    0.0014541700
   0.0000799500    0.0000176300    0.0014995800
  -0.0000053600   -0.0000953000    0.0014977600
  -0.0000398300   -0.0000005700   -0.0044689400
   0.0000206800    0.0000069700   -0.0044599300
  -0.0000017900   -0.0000269400   -0.0044333000
   0.0000073100    0.0000160500   -0.0044290300
   0.0043043400    0.0016872800   -0.0084300100
  -0.0042236700   -0.0001856500   -0.0048363500
   0.0000724000    0.0005034700   -0.0021589700
  -0.0002671900   -0.0009661000   -0.0022685300
  -0.0058625400    0.0001320200   -0.0068836200
   0.0076482000    0.0010049600   -0.0043509500
  -0.0001081000   -0.0013889100   -0.0022575500
   0.0001390200    0.0009535400   -0.0019173900
   0.0000186200    0.0000098200   -0.0044839800
  -0.0000167000    0.0000092700   -0.0044541300
   0.0000054900    0.0000092900   -0.0044473000
  -0.0000078600   -0.0000139500   -0.0044437700
  -0.0159097800    0.0005094400    0.0351256300
  -0.0027920700   -0.0000511800    0.0113477100
   0.0002605700   -0.0001011600    0.0079195700
  -0.0001347000   -0.0006827800    0.0074736500
  -0.0000063100   -0.0000025600    0.0014191400
   0.0000008200   -0.0000031800    0.0014215100
  -0.0000040800   -0.0000069200    0.0014260400
  -0.0000020900   -0.0000031200    0.0014263000
  -0.0030304800    0.0049882500   -0.0010727000
   0.0011523000    0.0007873600    0.0035399000
   0.0029491500   -0.0070906700    0.0014568000
  -0.0007459600   -0.0005901100    0.0038792800
   0.0000070900   -0.0000188900    0.0013262600
   0.0000010700   -0.0000069000    0.0013628300
  -0.0000101300    0.0000122100    0.0013560100
   0.0000146300    0.0000158600    0.0013662700
  -0.0088799500    0.0143197900    0.0294713000
   0.0002411800   -0.0001898000    0.0020159700
  -0.0013453300    0.0024301700    0.0054554300
   0.0005152200    0.0004380000    0.0015722900
  -0.0000041600   -0.0000008900   -0.0045222800
   0.0000009700   -0.0000005600   -0.0045154700
  -0.0000001200   -0.0000066200   -0.0045201900
  -0.0000013700   -0.0000041500   -0.0045153600
   0.0000082000   -0.0001340300   -0.0047128800
   0.0000267500   -0.0000755700   -0.0044366600
  -0.0001052900    0.0001688800   -0.0044826000
   0.0000827200    0.0000550600   -0.0044387300
  -0.0002883700    0.0006588600   -0.0050964600
   0.0004820000    0.0001752200   -0.0041584300
   0.0001646800   -0.0007833700   -0.0047718000
  -0.0002915700   -0.0002848300   -0.0040475800
   0.0006875700   -0.0046070600   -0.0026548000
  -0.0003984400   -0.0003233900    0.0036489500
  -0.0019570900    0.0037582700    0.0009578600
   0.0007078700    0.0007121500    0.0035385700
  -0.0000183700    0.0000269000    0.0013256100
   0.0000234100    0.0000074400    0.0013610900
   0.0000052500   -0.0000289300    0.0013345800
  -0.0000091700   -0.0000219100    0.0013653700
   0.0478186600   -0.0279474500   -0.1579134100
  -0.0003622400   -0.0010366700   -0.0032227400
  -0.0000381900   -0.0004801500   -0.0032234100
   0.0003045600   -0.0010556300   -0.0030688700
  -0.0005428500   -0.0005603700    0.0010324800
  -0.0005437500   -0.0005612700    0.0010272800
  -0.0005424800   -0.0005591900    0.0010273100
  -0.0005426500   -0.0005608700    0.0010252400
   0.0003522600    0.0009868900    0.0011922200
  -0.0000711400    0.0007988300    0.0011019200
   0.0003366100    0.0006272000    0.0008490400
   0.0001719700    0.0005462200    0.0010084600
   0.0000798100    0.0005146600    0.0011909800
   0.0003821000    0.0007072100    0.0008493800
   0.0000310100    0.0009722500    0.0011006500
   0.0003699600    0.0008893200    0.0010074600
  -0.0003326700    0.0011063200   -0.0063981900
  -0.0010551700   -0.0004917300   -0.0092365800
   0.0008257400    0.0005725900   -0.0064013000
   0.0004236800    0.0008212500   -0.0030582100
   0.0007498600   -0.0001900800    0.0010282200
   0.0007500400   -0.0001903500    0.0010283900
   0.0007506100   -0.0001896600    0.0010282900
   0.0007495300   -0.0001884900    0.0010255700
  -0.0006501800   -0.0004756900    0.0013006700
  -0.0009118300   -0.0002086500    0.0009061000
  -0.0007871200    0.0000432100    0.0010777900
  -0.0006643600   -0.0000331300    0.0008165800
  -0.0007439600   -0.0000745600    0.0012984100
  -0.0006881100   -0.0001078200    0.0008174200
  -0.0006881900   -0.0003170300    0.0010767600
  -0.0008447400   -0.0003031500    0.0009064000
  -0.0018178600    0.0009998500   -0.0064078200
  -0.0009327800    0.0002408900   -0.0064033900
  -0.0008468400    0.0026036000   -0.0091979300
  -0.0012485900    0.0005197300   -0.0030568000
  -0.0002098800    0.0007445900    0.0010298800
  -0.0002101600    0.0007439600    0.0010299700
  -0.0002096700    0.0007448000    0.0010301500
  -0.0002115300    0.0007441200    0.0010272500
   0.0004427800   -0.0006142900    0.0013023800
   0.0006818400   -0.0005412500    0.0010792000
   0.0005000600   -0.0006468300    0.0008182400
   0.0005911100   -0.0004127400    0.0009076900
   0.0008356300   -0.0004951700    0.0013000500
   0.0003204200   -0.0006354900    0.0010782400
   0.0004750800   -0.0004017300    0.0009078800
   0.0004474500   -0.0007046000    0.0008190300
   0.0007407200   -0.0005462700    0.0014798400
  -0.0021762800    0.0008818900    0.0033414600
  -0.0004796900   -0.0007530000    0.0004837400
  -0.0010919100   -0.0019937400    0.0014804200
  -0.0007054400   -0.0007690400    0.0015296600
  -0.0006311800   -0.0007682900    0.0015080900
  -0.0006914100   -0.0007474100    0.0014925400
  -0.0006556600   -0.0006924300    0.0015296600
  -0.0117976300    0.0161570100    0.0204302300
   0.0019411200    0.0017419300   -0.0018173100
   0.0015060400   -0.0006275800   -0.0016751200
  -0.0000557900    0.0001470500   -0.0014345900
   0.0003190300    0.0009456400    0.0015150300
   0.0003095200    0.0009467900    0.0015085500
   0.0003129200    0.0009582900    0.0015128800
   0.0003163000    0.0009522100    0.0015039400
   0.0016521700   -0.0006717400    0.0033362900
   0.0006426000   -0.0000757200    0.0005620700
   0.0008558600    0.0002094100    0.0006388100
   0.0009301100   -0.0001576900    0.0005618000
   0.0009813600   -0.0002314400    0.0015801400
   0.0009622200   -0.0001966700    0.0014810500
   0.0009938700   -0.0002004400    0.0015090100
   0.0009951100   -0.0001850300    0.0014808800
  -0.0044118800   -0.0001144600   -0.0011860800
   0.0145389000   -0.0011473900    0.0120910200
  -0.0009452600   -0.0005452300   -0.0015012400
  -0.0009276800    0.0016955800   -0.0016666500
  -0.0009781900   -0.0002057500    0.0015040200
  -0.0009865100   -0.0002101400    0.0015162000
  -0.0009782700   -0.0001996600    0.0014997500
  -0.0009782600   -0.0002100100    0.0015052400
   0.0010917000    0.0008479500    0.0019793300
  -0.0013338200   -0.0004500900    0.0019803800
  -0.0006986800    0.0023778000    0.0019140900
  -0.0006172400    0.0008694800    0.0004433000
  -0.0003461500    0.0009619200    0.0015342600
  -0.0002698900    0.0009807900    0.0015343000
  -0.0003185100    0.0009105900    0.0014976300
  -0.0003185100    0.0009566500    0.0014713500
  -0.0066081300   -0.0122708400    0.0120839800
   0.0014847400   -0.0021482600   -0.0016680900
  -0.0011152400   -0.0000349200   -0.0015033500
   0.0015123500    0.0008767600   -0.0011869800
   0.0006712500   -0.0007383300    0.0015163000
   0.0006574900   -0.0007434600    0.0015050700
   0.0006650900   -0.0007471300    0.0014998200
   0.0006601300   -0.0007503800    0.0015039400
  -0.0006345300   -0.0007179200    0.0005594700
  -0.0006467800   -0.0007419300    0.0005222300
  -0.0005981000   -0.0007832100    0.0005378100
  -0.0006764400   -0.0007998900    0.0005595900
  -0.0001063000   -0.0020733600    0.0005097800
  -0.0005360500   -0.0009206400   -0.0004816200
  -0.0027829200   -0.0002696300    0.0023543100
   0.0002297300    0.0002244600    0.0005091500
  -0.0192204800    0.0038719900    0.0198116400
   0.0023040200    0.0006956100   -0.0026529200
   0.0004628900   -0.0008787300   -0.0027941400
   0.0008475600    0.0016609100   -0.0024131600
   0.0003428700    0.0009364100    0.0005550300
   0.0003287400    0.0009352200    0.0005529400
   0.0003372800    0.0009442600    0.0005487400
   0.0003358400    0.0009355600    0.0005440300
   0.0009564500   -0.0001510900    0.0005728100
   0.0010153000   -0.0001492600    0.0005359500
   0.0009781500   -0.0002267400    0.0005727500
   0.0009749900   -0.0001724100    0.0005096300
   0.0017704400   -0.0013316400    0.0010134600
  -0.0004395400   -0.0005521200    0.0009499200
   0.0016775300    0.0014008900    0.0010125800
   0.0009000500    0.0001279300   -0.0005129500
   0.0054770100    0.0120829900    0.0113069100
  -0.0024912100    0.0010148600   -0.0024713500
   0.0006616100   -0.0001901100   -0.0026361400
  -0.0019633100   -0.0017355100   -0.0021550700
  -0.0009788700   -0.0001892500    0.0005643200
  -0.0009744200   -0.0001794400    0.0005477900
  -0.0009823600   -0.0001749000    0.0005532500
  -0.0009738100   -0.0001736800    0.0005520800
  -0.0003143600    0.0009540000    0.0006170000
  -0.0003356300    0.0009282800    0.0005460900
  -0.0003542200    0.0009529900    0.0005178600
  -0.0003484200    0.0009191200    0.0005178600
   0.0004000600    0.0005947100    0.0023630500
  -0.0007574400    0.0008413700   -0.0003201600
  -0.0006161300    0.0011658000   -0.0003965100
  -0.0004040800    0.0009600700   -0.0003962300
  -0.0011594600    0.0021795500   -0.0021563300
   0.0009524500   -0.0006248600   -0.0024733300
   0.0093397600   -0.0139101700    0.0112997600
  -0.0009872400   -0.0017661100   -0.0026371800
   0.0006422400   -0.0007637700    0.0005520600
   0.0006368500   -0.0007666300    0.0005478700
   0.0006420900   -0.0007548200    0.0005642500
   0.0006457800   -0.0007618300    0.0005531900
